lon,lat
2.1220484655,41.3805342859
2.17833995819,41.4633602165
-74.0543341055,4.66869338233
2.178675,41.4438833333
2.17417,41.44139
2.2002201,41.442749
2.21927383333,41.4459464667
2.1718799,41.43422
2.0939604225,41.3551787112
2.1983799,41.4388099
2.16228,41.42965
2.1725239,41.4354234
2.16231,41.43019
2.22237380632,41.4110488724
2.18924,41.4325485
2.2188949585,41.4320611125
2.12083664589,41.4253301764
2.16581,41.42709
2.161922,41.419491
2.1660499,41.39511
2.12793,41.38798
2.1861,41.426239
2.19178132333,41.42564929
2.20559120178,41.4268163123
2.19833333,41.4175
2.19798447547,41.4166941796
2.13138927743,41.416167174
2.1315899,41.4153214
2.176,41.411
2.18916,41.41563
2.19407,41.41434
2.20737066889,41.4188525567
2.13654,41.41064
2.13447,41.41346
2.1695,41.41012
2.17060023602,41.4122731332
2.16884763317,41.4103892259
2.17788,41.41398
2.19556,41.4123
2.18971,41.41777
2.17397254132,41.3804519592
2.16873,41.38561
2.14631,41.4098
2.15266,41.40882
2.16094,41.40927
2.1568,41.40699
2.15972,41.40613
2.16064,41.41082
2.15691,41.41002
2.17206,41.41045
2.18666666667,41.4086111111
2.19036,41.4063
2.19655249932,41.3848211313
2.15692,41.37517
2.20045,41.40863
2.20991,41.40634
2.12316,41.401
2.12602,41.4039116
2.12981,41.40025
2.13721,41.40329
2.13804,41.40182
2.14016,41.40114
2.13759,41.40394
2.15787,41.40075
2.16639,41.4021199
2.19122,41.4034199
2.2019801,41.4034195
2.2098999,41.4014587
2.21370289057,41.403954289
2.3204837,41.47868502
2.13247,41.39736
2.12299986344,41.3864365877
2.13865,41.40082
2.14218191594,41.3951271177
2.14941,41.39815
2.14426,41.39512
2.15144,41.39618
2.1512401,41.3966484
2.15171,41.39598
2.15876,41.39718
2.16080579469,41.396230282
2.15813,41.39723
2.15715,41.39813
2.16595,41.3986
2.16333244667,41.3961683
2.16238,41.3987
2.16203,41.39738
2.1747233,41.3971286
2.17447586749,41.4029061383
2.178,41.39873
2.17948863999,41.3996072396
2.19029188156,41.3972541035
2.19663,41.39614
2.19287,41.40045
2.20732216253,41.3989434478
2.21258736626,41.4002610887
2.12648862656,41.3926532952
2.1258015393,41.3949820098
2.1349101,41.3898087
2.13668396,41.39100654
2.14215,41.39441
2.14427,41.39324
2.13848,41.39363
2.1631796,41.39416
2.14608557,41.39475721
2.15,41.39435
2.1479101,41.3917503
2.14913,41.3945099
2.15350507166,41.3939851851
2.15641,41.39218
2.15643,41.39444
2.15463,41.39505
2.15164,41.39074
2.16195815857,41.3936030382
2.16403091278,41.3935039434
2.16208,41.39471
2.16228840917,41.3936908008
2.15852493103,41.3922830526
2.1607,41.39516
2.16242852,41.393689585
2.1629179,41.39339
2.16841,41.39358
2.16542,41.39387
2.17166851982,41.3915758575
2.16446,41.3929199
2.16472,41.39388
2.17293,41.39529
2.17274,41.3924599
2.1715701,41.391571
2.17782,41.3934799
2.17628,41.3927498
2.18859,41.39589
2.19239,41.3929199
2.1919401,41.3925514
2.12138392117,41.3894774468
2.12763565217,41.3875221739
2.13701472928,41.3895474308
2.1344222,41.3893806
2.14975590632,41.3889413418
2.14865,41.3903
2.14843,41.38624
2.15539,41.38978
2.15223,41.3910399
2.15978174343,41.3898871217
2.16465,41.38871
2.15934744082,41.3884933464
2.15808,41.38888
2.15703662777,41.3903132391
2.15995,41.38826
2.17196,41.3892
2.17435,41.38706
2.17774,41.39015
2.17808246613,41.3891410532
2.17839,41.39091
2.18406,41.3866299
2.19474,41.38604
2.1987508,41.387795
2.11472868919,41.3812966705
2.18787,41.37203
2.1469999,41.38587
2.14606230768,41.3849726194
2.14534,41.38113
2.14773,41.38533
2.1511999,41.382
2.15453380402,41.3844269743
2.16169,41.38415
2.15789,41.38447
2.1591999,41.38436
2.16404,41.38125
2.18006,41.38245
2.19538605485,41.3846511028
2.1135098301,41.3775471314
2.1363233,41.3752751
2.1484052,41.3754849
2.1539799,41.37666
2.1498769494,41.3770923
2.16714,41.37958
2.18058,41.37983
2.17975616455,41.3813167958
2.1954,41.3839417
2.11658458391,41.3750942035
2.12065,41.3755916667
2.12168748075,41.3756095569
2.12347,41.37646
2.1282,41.37437
2.1334,41.37536
2.15289,41.37585
2.17539932,41.37439275
2.18107572507,41.3716483404
2.15782,41.36768
2.17249551362,41.3474821494
2.13495,41.3605
2.18182,41.36313
2.09378,41.35525
2.14521,41.35199
2.146207771,41.324683527
2.2006834273,41.4063458204
2.14512072222,41.3853255306
-3.69218,40.41901
-3.63468168,40.53523377
-3.63419725133,40.5343430052
-3.63363,40.53125
-3.77506,40.521288
-3.679972,40.511964
-3.67604,40.5126599
-3.61583078265,40.516480638
-3.69750752219,40.5050673185
-3.6856,40.50508
-3.68797302246,40.4961459656
-3.68765,40.4895799
-3.70826,40.47902
-3.70786445956,40.4792839392
-3.68224,40.43973
-3.73925685883,40.4812954164
-3.68775454424,40.4766547796
-3.58227974,40.47334539
-3.5793,40.47553
-3.57708,40.47217
-3.78339873389,40.4671461269
-3.76886815481,40.4709207332
-3.69262816414,40.4191409076
-3.68514,40.47095
-3.68251767434,40.4714011221
-3.58724350253,40.4711415906
-3.80752448788,40.4658980399
-3.78068213441,40.4650771809
-3.69393,40.46262
-3.69611,40.46342
-3.69296,40.46467
-3.69294,40.46256
-3.68239,40.4645996
-3.63976,40.4651
-3.64452,40.46358
-3.78570992,40.46026268
-3.70755,40.45838
-3.70303,40.46285
-3.6947401,40.4602509
-3.69172,40.45989
-3.69459,40.4585
-3.69238,40.45707
-3.6909435754,40.4588752511
-3.68718,40.46054
-3.68524,40.45953
-3.68578,40.45818
-3.68538,40.45838
-3.67175,40.46282
-3.67297,40.45869
-3.67356,40.45826
-3.70557,40.45443
-3.69691,40.45318
-3.69689,40.45824
-3.6866520391,40.4527318425
-3.67244,40.45488
-3.65839,40.45496
-3.55574,40.4573899
-3.71272,40.44823
-3.70469,40.4499799
-3.704836,40.418314
-3.69439520977,40.4505476629
-3.67428,40.44808
-3.66682,40.4498
-3.5872864841,40.4470081615
-3.63433,40.44465
-3.70982,40.43853
-3.70085,40.43835
-3.70364,40.43849
-3.70386,40.44348
-3.69568,40.44294
-3.69918267838,40.4415008357
-3.69376659393,40.4468490829
-3.69152688071,40.4375376106
-3.67746,40.441
-3.67414,40.438
-3.67008,40.44037
-3.67251993645,40.4381464561
-3.66640806198,40.4381122528
-3.63916608747,40.4375887497
-3.6240599,40.4374809
-3.611401025,40.437487825
-3.78643350069,40.4406700013
-3.71649,40.43589
-3.71051,40.43509
-3.71609897112,40.4353302015
-3.90077228802,40.5180952372
-3.70659,40.43269
-3.70436998299,40.4331383959
-3.69689,40.43558
-3.6915,40.43885
-3.69221,40.43822
-3.68998,40.43616
-3.68887,40.4385199
-3.6833,40.43602
-3.68329057949,40.4329697285
-3.68329,40.43265
-3.68441,40.43682
-3.67649,40.43516
-3.65237930505,40.4326847686
-3.65066,40.43742
-3.64745404351,40.4335440333
-3.65306,40.43229
-3.64304,40.43512
-3.61031,40.43538
-3.70873756322,40.430032405
-3.71044,40.42692
-3.69934,40.42872
-3.69709,40.42838
-3.6925,40.43042
-3.69044,40.43067
-3.6868519,40.4296283
-3.6862,40.42846
-3.68664,40.43118
-3.6916699,40.4306602
-3.68938,40.42734
-3.68736704141,40.4299559805
-3.6761006,40.4268597
-3.68512,40.43019
-3.68543,40.43023
-3.68585,40.42938
-3.68361,40.43372
-3.6776,40.42748
-3.671799,40.429856
-3.67702,40.42859
-3.6786,40.42989
-3.67549,40.42743
-3.67147463615,40.4271570802
-3.71666669846,40.4255561829
-3.71421,40.4231399
-3.69636,40.42462
-3.69614,40.42815
-3.69805,40.42481
-3.69387,40.4276
-3.68781,40.42659
-3.68774,40.42508
-3.68721,40.42519
-3.6858,40.42376
-3.69148391541,40.4267936423
-3.68517,40.42373
-3.68408,40.42334
-3.68546955222,40.425554049
-3.68281,40.42337
-3.685144,40.426175
-3.68416,40.42224
-3.68376922776,40.4281159861
-3.67302,40.42483
-3.67822073317,40.4234161471
-3.67683,40.42834
-3.67282,40.42445
-3.66348,40.4304599
-3.63922,40.42853
-3.71822,40.42206
-3.70961,40.41965
-3.70842,40.42073
-3.70325,40.42299
-3.68938,40.42148
-3.68363,40.42382
-3.68414,40.4226608
-3.67618476333,40.4188807233
-3.67429,40.41946
-3.72246,40.41261
-3.708166,40.417826
-3.71091445182,40.4172026719
-3.7100563,40.4171783
-3.70399,40.41867
-3.70027,40.41776
-3.70525751568,40.4191831322
-3.7014,40.41445
-3.69864,40.41643
-3.6995299,40.4154587
-3.6891,40.41774
-3.67508,40.4131799
-3.63242,40.42143
-3.738256,40.413047
-3.73716,40.41143
-3.72991241501,40.4114195824
-3.72683,40.4149699
-3.71779,40.41071
-3.71252059937,40.4139698374
-3.71,40.41307
-3.69688552758,40.4127781325
-3.69704,40.41551
-3.67059,40.41395
-3.72297,40.4085388
-3.72211205885,40.4049388239
-3.71234077271,40.4055883351
-3.69376192794,40.4051697215
-3.64281,40.40398
-3.61272,40.40684
-3.71857,40.3984795
-3.70149,40.39781
-3.67099448,40.40190326
-3.71272,40.39454
-3.71284232032,40.3975427892
-3.71449749023,40.3968466556
-3.70414,40.39803
-3.70054,40.39808
-3.68857,40.40064
-3.69458,40.3972399
-3.76113,40.38935
-3.74215,40.38934
-3.6939199,40.3911095
-3.6722,40.38802
-3.6691,40.39688
-3.66591,40.39007
-3.6224079,40.3899613
-3.74197222481,40.3829568689
-3.73935,40.38708
-3.73083,40.38407
-3.72062,40.38331
-3.70471257027,40.3866012213
-3.70417,40.38662
-3.70139735992,40.3861211119
-3.70338,40.3858
-3.6674325,40.3852381
-3.63061,40.3832703
-3.74826,40.38158
-3.74835,40.38035
-3.78288,40.38099
-3.77689361572,40.3737513667
-3.74051944284,40.3731526849
-3.75492,40.37205
-3.7532699,40.3704909
-3.74436378479,40.3696807888
-3.6583,40.41181
-3.6175607242,40.3635731091
-3.592,40.3634796
-3.55041,40.36576
-3.71029,40.36631
-3.68623192856,40.3586280634
-3.55542685798,40.3570862147
-3.69915054615,40.3482611208
-3.6707166,40.4829793