lon,lat
2.18004454009,41.4527035765
2.17619,41.45379
2.18624,41.4495099
2.17691,41.44726
2.18241,41.44541
2.17837,41.44401
2.1782977,41.4445932
2.21565,41.44697
2.18848228167,41.40856762
2.21357929296,41.4495515713
2.22017282303,41.451961439
2.171986,41.441342
2.17489,41.44276
2.17971,41.44286
2.17502132682,41.4428149664
2.185954,41.4433853
2.17456,41.44218
2.18050831612,41.4437024152
2.17807,41.43962
2.17636585236,41.4407800573
2.18107,41.4421
2.20022,41.4427499
2.19816185,41.44014691
2.19841362751,41.440123238
2.20374584198,41.4397747037
2.206354,41.444844
2.16806,41.4303
2.2164704,41.4454121
2.17508,41.4084999
2.13213199432,41.4341875531
2.13134765625,41.4427263777
2.14233398438,41.4427263777
2.15243048452,41.4361171403
2.16573333,41.43700833
2.16893,41.38849
2.16122,41.43595
2.17018,41.43859
2.167489928,41.438535433
2.17239,41.43738
2.16831,41.43734
2.1730599,41.4373093
2.12248830316,41.3806553138
2.17399,41.44019
2.17389,41.44062
2.19126,41.43841
2.14988,41.37591
2.19227,41.43915
2.19148107135,41.4376332855
2.19076,41.4376
2.1890299,41.43807
2.18945,41.43715
2.19062561073,41.4366649091
2.1984499,41.43804
2.17638888889,41.3838888889
2.14424,41.43406
2.14244,41.4303
2.14733,41.43374
2.14793,41.43117
2.14921,41.43325
2.1585,41.43257
2.15969,41.433
2.1621,41.43001
2.16256,41.4301699
2.16073,41.43072
2.16064,41.4308
2.1636099,41.43172
2.16298,41.43021
2.16273,41.4302711
2.1626,41.4299
2.16070175171,41.4295835603
2.16028,41.42913
2.16043,41.43166
2.17792,41.44167
2.1729454,41.4363056
2.16105693634,41.430865468
2.17444918507,41.4307334397
2.15948691825,41.3730098631
2.1729599,41.43001
2.17739,41.43264
2.17414,41.43751
2.17312,41.4354897
2.17517565954,41.4371403658
2.17524,41.43882
2.17293419791,41.4365338198
2.18323333333,41.4305944444
2.18119201576,41.4338181751
2.1827711,41.4300801
2.18062,41.4321098
2.1806,41.43034
2.190585868,41.432815032
2.18858,41.43279
2.16032737549,41.3870672377
2.19406555125,41.4318347752
2.19306,41.43077
2.19518,41.43052
2.1923,41.4307
2.19349,41.43143
2.18935960587,41.4323777216
2.20254,41.43422
2.2149401,41.4330788
2.21759,41.43363
2.21632,41.43153
2.07549333572,41.3477068652
2.13752,41.42474
2.14461651911,41.4343364522
2.15627187546,41.4248161017
2.16488,41.42897
2.15926,41.42883
2.16211,41.429
2.16105,41.43001
2.16935252,41.428393085
2.16559,41.4304008
2.1698401,41.4276199
2.17766388889,41.4238722222
2.17682705,41.4267417366
2.17668717987,41.4285219666
2.17604,41.42824
2.1738,41.4267807
2.15059518814,41.3934713588
2.17262,41.42656
2.17955,41.42542
2.17823,41.42523
2.18195,41.42781
2.18536,41.43003
2.18752384186,41.4303397064
2.18700677236,41.4266806026
2.1874699,41.42641
2.19054,41.42865
2.18420339897,41.4301929483
2.18684,41.42719
2.18548954741,41.4292590404
2.18790048416,41.4297312548
2.18176895435,41.4268232345
2.18888719202,41.4308603909
2.19033,41.42458
2.1897036,41.4248034
2.192178,41.425667
2.20097,41.42868
2.20149278641,41.4273150692
2.20445,41.42524
2.2250299,41.4267082
2.22132,41.42992
2.135326,41.423755
2.1433,41.42145
2.14937210083,41.422922659
2.15287,41.42232
2.15624,41.42125
2.15667,41.4236999
2.17582941055,41.4244994558
2.17465,41.42214
2.17932701111,41.4223072151
2.17466,41.41982
2.1803499,41.42269
2.18095,41.42357
2.1819799,41.42044
2.1850901,41.4227791
2.1830599,41.4199905
2.1905601,41.4231911
2.193611,41.421667
2.18973,41.4226699
2.20646759542,41.4230130743
2.203409715,41.42314869
2.1991299,41.41986
2.1825899,41.39727
2.21096,41.42201
2.1581,41.39089
2.13166,41.416111
2.13842868805,41.4166150888
2.15742,41.4165
2.15935,41.41483
2.16247046049,41.4147815166
2.17275080853,41.4183722157
2.17419,41.41849
2.17777370731,41.4162094553
2.17689,41.41802
2.17905879021,41.4190046358
2.1804,41.41885
2.18895,41.41816
2.1846199,41.41517
2.1877,41.41537
2.19647,41.41941
2.19037,41.41484
2.209764,41.408408
2.15321,41.38093
2.2067199,41.41552
2.20207,41.42033
2.2041028,41.4170494
2.2275824,41.4160753
2.13034886148,41.4108356574
2.14492,41.37835
2.14268916901,41.4135927128
2.13971,41.41038
2.13872,41.41119
2.13548772969,41.4135581442
2.16941,41.38601
2.1622499,41.38631
2.1381199,41.41165
2.13994557667,41.4014368023
2.15369,41.41247
2.1636158,41.4136707
2.16906,41.4132
2.172,41.41281
2.16844,41.41563
2.19108,41.39774
2.16197,41.41051
2.17823477969,41.4133292607
2.17367404755,41.4106638536
2.1743306075,41.4104955666
2.17317100614,41.4110909362
2.1803801,41.4103813
2.1794699,41.41182
2.18553,41.41279
2.18117,41.4109399
2.1747899,41.41095
2.1823599,41.4109802
2.18591448772,41.4109891052
2.18723,41.41116
2.19046,41.41336
2.1859,41.41123
2.180471,41.412515
2.19595,41.4136
2.18966670631,41.3687841035
2.1997399,41.4114
2.20138384248,41.4146955109
2.213733681,41.4073813354
2.20632,41.41395
2.20858454704,41.4108701615
2.20404,41.41148
2.20547,41.41335
2.21235,41.41516
2.1612287,41.3750839
2.19343,41.39738
2.20002351839,41.4122206352
2.21214,41.41143
2.21700668335,41.4109989049
2.21128870313,41.4098423735
2.12928944531,41.3581780218
2.21980857043,41.4119697857
2.17029,41.3844
2.21857,41.41098
2.22398042679,41.4112885767
2.21992492676,41.4108862544
2.226969411,41.414729815
2.11003465359,41.4056804152
2.1123599,41.41386
2.1197499,41.40611
2.13859,41.40716
2.13227,41.40484
2.13394,41.40677
2.1319,41.40518
2.13626,41.4079
2.14127,41.4097099
2.13924,41.4059
2.13811,41.40742
2.1406,41.40501
2.14372,41.40611
2.13904,41.40455
2.14781,41.40865
2.16087444,41.39549553
2.15236,41.4087181
2.1499,41.4057999
2.1485,41.41001
2.14582,41.40531
2.15062,41.40807
2.15077475877,41.4057749111
2.14726,41.40952
2.15756,41.4002
2.15959,41.40493
2.1588599,41.41006
2.1630599,41.409111
2.15907,41.4074
2.16084,41.409729
2.15706,41.40942
2.16052,41.40829
2.15852,41.40741
2.165106,41.408337
2.15387,41.41249
2.1538,41.40713
2.1637,41.40734
2.15903518509,41.4122984833
2.16078,41.40889
2.16033,41.4066199
2.16012197093,41.406217919
2.1534789,41.4072795
2.15962,41.40673
2.16010764487,41.4078798152
2.15907,41.40572
2.15838432312,41.4048108852
2.16041,41.40655
2.15964072998,41.4060932819
2.16109985168,41.4073164241
2.16416769109,41.4052083312
2.1669934,41.4075661
2.17175,41.40912
2.1675048375,41.4060731525
2.167436,41.40742
2.16846,41.4072
2.16631,41.4085899
2.1711999,41.41075
2.17159,41.40926
2.18391463843,41.4020265313
2.17122,41.40898
2.1408033099,41.3861319963
2.17004059814,41.4079695454
2.17423417988,41.4095760798
2.1745,41.41012
2.17290157135,41.4089579736
2.1742499,41.40742
2.1742,41.41057
2.17455,41.4066
2.17467,41.4077301
2.17385,41.40759
2.17368,41.41082
2.17133,41.40833
2.17293,41.4073792
2.17461,41.4112099
2.17503547668,41.407699774
2.17453,41.40849
2.1736701,41.405201
2.1739099,41.40502
2.185187964,41.407700805
2.18281,41.4091499
2.18044,41.41131
2.17931,41.4124
2.17696,41.4074097
2.18334206,41.40643627
2.1866440773,41.4091964736
2.18657,41.4091499
2.18905,41.40763
2.18901896532,41.4075045205
2.1863,41.40666
2.18613,41.4079704
2.1866051,41.406981
2.18776,41.40711
2.1957399,41.408
2.1962,41.40836
2.16892,41.38932
2.19056,41.40937
2.19605,41.40582
2.1879,41.40738
2.19665,41.4100899
2.2035,41.40855
2.20145,41.4067
2.1976299,41.4054108
2.20311,41.40658
2.19882,41.40449
2.19465,41.40976
2.20936,41.40798
2.21734,41.40903
2.21700136346,41.4091667205
2.21719769735,41.4093718315
2.21693718284,41.409010813
2.21287,41.40811
2.2117,41.40524
2.21576,41.40866
2.21714983331,41.4100137862
2.17484,41.58751
2.21731794848,41.4100706038
2.21820831299,41.4044648537
2.2183516,41.4052285
2.17897171858,41.3841674572
2.1163,41.40173
2.12171,41.39954
2.12012529373,41.4013263442
2.12068,41.40014
2.12255,41.40058
2.12096,41.40037
2.12752,41.40388
2.13099,41.40463
2.1357947588,41.4016442258
2.13252,41.40461
2.13391,41.40384
2.13624803207,41.4001490048
2.13214,41.40496
2.13861952909,41.3928975173
2.13624,41.40417
2.13337,41.4058
2.13398,41.40328
2.13450599573,41.4036028263
2.13386,41.40339
2.14217366155,41.4005282483
2.1431,41.40007
2.1398799,41.40122
2.14432,41.40454
2.1459,41.40428
2.14586,41.4042587
2.14118,41.40414
2.14133733566,41.4003957108
2.14722,41.4011
2.14623,41.40513
2.15022,41.40385
2.15111111111,41.4036111111
2.1463199,41.40066
2.14735,41.40083
2.14888,41.40256
2.14684,41.40562
2.15223,41.40169
2.15106,41.40385
2.14672,41.40124
2.14961,41.40326
2.14669,41.40375
2.1500031347,41.4034631713
2.14581,41.40084
2.1568,41.40384
2.1525,41.40222222
2.15651750565,41.4040946784
2.15749100671,41.4033717914
2.15715,41.40352
2.154466433,41.4018241447
2.1541,41.40486
2.154649,41.402332
2.15451234634,41.4045321327
2.1582,41.40241
2.15628,41.40113
2.15084,41.40004
2.15578794479,41.4048833101
2.15457,41.40048
2.15723731916,41.4019893691
2.15688,41.40388
2.15483,41.40437
2.15476,41.40511
2.1549399,41.4042587
2.15489,41.40117
2.15206,41.4007492
2.15415,41.4033
2.1578115,41.4041595
2.15483,41.40505
2.16172,41.4037999
2.16019,41.39963
2.16069,41.40461
2.15909,41.40319
2.1591353,41.4007794
2.15807163771,41.4025142516
2.16194,41.39967
2.15971583183,41.3998930915
2.16192,41.40369
2.16115,41.4049988
2.1602415448,41.4061898466
2.16164,41.40373
2.16665,41.40006
2.16493,41.40422
2.1694399,41.40135
2.16494,41.39961
2.16857222222,41.4000055556
2.16789849979,41.4023979986
2.1724,41.40396
2.17284,41.40339
2.16506,41.4052999
2.16203212738,41.4012297723
2.1642705,41.4000794
2.17139,41.40548
2.17045539673,41.4021340058
2.16237,41.40219
2.16846,41.40279
2.16223,41.40209
2.1680950528,41.4023110517
2.16063,41.40314
2.16466,41.4006691
2.1535099,41.37518
2.15048755554,41.3879537819
2.16664,41.40044
2.1629083,41.4045848
2.16196,41.4019
2.17342,41.40449
2.18277,41.4013
2.17932701111,41.4046579878
2.18039,41.40301
2.19025529444,41.4035267321
2.18619,41.39957
2.20092529114,41.4034537913
2.19978,41.40233
2.20007,41.40273
2.20163339432,41.4022788616
2.19971,41.40074
2.20407436378,41.402445776
2.20235222633,41.4004198541
2.2014,41.40233
2.1979711725,41.4036138408
2.20067,41.40228
2.20104217529,41.4020667242
2.19863,41.40374
2.2001,41.40206
2.19763,41.40363
2.20204,41.40204
2.2025199,41.40325
2.2009599,41.40144
2.19977598254,41.4010293601
2.1981,41.40018
2.19675,41.40431
2.2012299,41.40095
2.20231,41.40123
2.19985,41.40226
2.19932,41.40217
2.20144,41.40179
2.20403,41.40085
2.20119351204,41.4012085304
2.20277065094,41.4006532389
2.19649,41.4037018
2.19878911972,41.4027588109
2.19888,41.40274
2.1986799,41.4000206
2.20423,41.4011
2.20192307289,41.4040211299
2.20331668854,41.4037888798
2.20548,41.4048
2.20827,41.40441
2.2111076,41.401705
2.21074,41.40148
2.21041,41.4034
2.20488,41.40088
2.2063799,41.4016
2.20998,41.4048299
2.21136030174,41.4017507684
2.2035601,41.4005089
2.21286656305,41.3997797223
2.21318567778,41.4053379544
2.21441680329,41.3996013142
2.21344550587,41.4010645724
2.21154186169,41.4013266643
2.214574891,41.404373966
2.18627929688,41.3802863708
2.21873865,41.4048950633
2.21752546989,41.4041937509
2.12339315132,41.3987524223
2.1237499,41.39714
2.12783964833,41.3982592667
2.13031,41.3982
2.1314,41.39792
2.12702,41.39493
2.12862,41.39647
2.12868,41.39791
2.12814,41.39663
2.09728888889,41.4197861111
2.12251,41.39717
2.12445,41.3952599
2.13686,41.39598
2.142778,41.398611
2.17823,41.40034
2.1452,41.39947
2.14069,41.39587
2.14016,41.39553
2.1412,41.3992099
2.14279,41.39533
2.14615,41.39896
2.1436,41.39549
2.1426599,41.39846
2.14239835739,41.3969965619
2.14323,41.39618
2.1410036087,41.4004410962
2.14055,41.39684
2.14447,41.40123
2.13865,41.40094
2.13966,41.39863
2.14851,41.39753
2.14661,41.39973
2.14964032173,41.3959744337
2.1466599,41.39717
2.14488,41.39508
2.1468599,41.3949013
2.14905,41.3956413
2.14828,41.39491
2.14661,41.3948899
2.14633908914,41.3951185476
2.14626,41.39669
2.14549,41.39598
2.14394,41.3948212
2.15149,41.3964
2.1507299,41.3998599
2.14711,41.3968
2.14858,41.39805
2.14960545301,41.3990105904
2.14836,41.39744
2.14803,41.3982
2.15238,41.4004
2.16157,41.39525
2.1502840519,41.4011251525
2.1446796352,41.395259311
2.1482899,41.40158
2.14696884155,41.3987832357
2.15027,41.40102
2.15233097677,41.3951797067
2.15289765652,41.3999289384
2.15204471405,41.3959370934
2.15208,41.39572
2.15262,41.39533
2.1531546,41.394658
2.15367752881,41.39446942
2.1527193,41.3945426
2.15472637711,41.3992398388
2.15347635355,41.3999090117
2.1572499,41.3996506
2.15379,41.39868
2.15576648712,41.397640414
2.16001,41.39983
2.15924,41.39899
2.16058486755,41.3998162688
2.15958,41.40025
2.15965,41.39806
2.15954303741,41.4007308151
2.1612683092,41.3993279216
2.16009,41.39955
2.15999,41.39764
2.16374874115,41.3964814757
2.16269,41.39587
2.1634,41.39606
2.16454,41.39862
2.1632699,41.3955
2.16217,41.39855
2.16074,41.39828
2.15735435486,41.4017931065
2.1608601,41.398941
2.15936,41.39799
2.16088,41.39782
2.15918,41.39717
2.16078,41.39774
2.1628301,41.3990402
2.15755802588,41.4004010471
2.16045,41.39799
2.15977376694,41.3979897665
2.15742945671,41.4004008574
2.15837472733,41.3956956433
2.15966,41.39869
2.16129,41.39858
2.16622173786,41.4001232087
2.16559946537,41.3991816089
2.1665199,41.39694
2.16691,41.39787
2.1658634549,41.399751886
2.16435,41.3964005
2.16841,41.3964
2.16495,41.39922
2.16985,41.39776
2.1724899,41.3975099
2.17264,41.40036
2.16622,41.39646
2.17139551474,41.39886573
2.16669,41.39633
2.16929,41.39778
2.16905,41.39688
2.16569,41.39778
2.17,41.386944
2.16092,41.39728
2.16895,41.39804
2.16584,41.40065
2.16911,41.3958
2.16538208515,41.3975989639
2.16496,41.40064
2.1628599,41.3993187
2.16732,41.39558
2.17119,41.3949
2.17401,41.39637
2.17339,41.4011799
2.17558,41.39692
2.1711999,41.39534
2.17290157135,41.3983998332
2.17413,41.39779
2.17155,41.3956108
2.17443,41.40243
2.17703786179,41.3988193825
2.1725,41.3968599
2.17509448528,41.3968195015
2.17476,41.40244
2.17301,41.40034
2.17945,41.39981
2.17934,41.4002399
2.179484,41.3998453
2.17946,41.39717
2.1705199,41.38908
2.18068,41.39849
2.17753217133,41.3996616402
2.1817,41.3971901
2.1789899,41.3989792
2.18119382858,41.3995397404
2.17595,41.40206
2.17801,41.39839
2.17599,41.39723
2.18299,41.40113
2.17567,41.4021
2.18570314636,41.4012411791
2.18845,41.39906
2.18744,41.39504
2.1967199,41.3975182
2.19559,41.39793
2.19837242134,41.3982056485
2.19101184662,41.3946332522
2.20214,41.39915
2.19941,41.39815
2.20149,41.39928
2.20052,41.39792
2.20386499222,41.3992690132
2.20368,41.39861
2.19905,41.396
2.20074176788,41.3946142538
2.2037499,41.3986702
2.20092,41.39495
2.19741,41.39931
2.20528119858,41.3999450341
2.21193729146,41.3984144869
2.20597,41.39962
2.20533370972,41.3936001367
2.21014022827,41.3963848965
2.2053,41.39991
2.2044084,41.3994856
2.20724993999,41.3988183288
2.10599654968,41.3921301257
2.12565177734,41.3919611008
2.12231,41.39002
2.12359241939,41.3905977042
2.12658,41.39504
2.12622,41.39041
2.12725,41.39452
2.12626,41.39387
2.12629,41.39526
2.12479,41.39306
2.1256,41.3911
2.16126,41.39046
2.12578052338,41.3905485186
2.13654320019,41.3938902179
2.13522,41.39268
2.13549012001,41.3932730443
2.13744932998,41.39449972
2.16156,41.3882199
2.13712,41.3925
2.1346,41.3941299
2.13491,41.38981
2.13444,41.39128
2.13075,41.3903899
2.13501,41.3931694
2.14165,41.39161
2.14066,41.39136
2.14202,41.39373
2.14276,41.39175
2.13838627019,41.3909029719
2.14332,41.39427
2.14599686878,41.3922424485
2.13881,41.39015
2.14542338737,41.392960142
2.15077,41.3936
2.1484,41.39415
2.16887,41.3856899
2.14905136879,41.391099872
2.14735604488,41.3947564846
2.15017,41.39347
2.14563,41.3945
2.14568138123,41.3951454517
2.1483,41.39422
2.14636,41.39152
2.1488,41.3945099
2.14797,41.39031
2.14892,41.3936
2.15034955795,41.393281093
2.15052480356,41.3948670805
2.15007509651,41.3917704493
2.14628,41.39121
2.14747,41.39405
2.14757,41.39226
2.14509,41.3911
2.14738,41.39369
2.15006,41.39136
2.15014,41.39288
2.1526201,41.3953285
2.14594,41.39564
2.14902,41.39637
2.1535099,41.39396
2.15353,41.39435
2.15577,41.39291
2.1525,41.39171
2.15668,41.39368
2.15332,41.39211
2.15368,41.39529
2.15521,41.39182
2.15232,41.3921
2.15676,41.3921585
2.15223,41.3966
2.153420672,41.39443363
2.15383645283,41.3942651274
2.15573543365,41.3965970524
2.15537,41.39154
2.15446,41.39271
2.15088,41.39319
2.15111416943,41.3910968866
2.15555,41.39455
2.15436,41.39264
2.15491,41.39559
2.15951198395,41.3951322563
2.16496,41.3917
2.16085218014,41.39248804
2.16019,41.39387
2.16205894947,41.3919099064
2.1582499,41.39557
2.16081,41.39318
2.1631999,41.39273
2.16005,41.39568
2.15986,41.39022
2.15882,41.39231
2.1589799,41.39048
2.15714,41.39132
2.16328,41.39387
2.175055,41.387489
-3.70945134997,40.4183004373
2.15909,41.38964
2.16664,41.39467
2.16597,41.39171
2.16402,41.39047
2.16760838592,41.3908964887
2.16423586961,41.3899920595
2.16767,41.39033
2.16746,41.39084
2.1626599,41.39183
2.1665199,41.39358
2.16694,41.3918991
2.16943,41.39281
2.16555,41.3945
2.16767276,41.389699035
2.1665,41.39477
2.16408302284,41.3919694277
2.16597370618,41.3931455059
2.16437240269,41.3900630232
2.16942,41.39205
2.16448,41.39515
2.17789,41.39277
2.17232,41.39448
2.17427,41.39361
2.1722,41.39387
2.17418903168,41.3926050028
2.1743199,41.39399
2.1707,41.39014
2.1751999,41.39161
2.17373,41.39658
2.17057,41.39024
2.17403,41.38958
2.17566847801,41.3911734352
2.17011,41.39427
2.17135,41.39375
2.17483,41.3918899
2.17305,41.39269
2.1711999,41.39194
2.17256,41.39611
2.17385,41.3945999
2.17327739,41.39143271
2.17023,41.39436
2.17367,41.39
2.17144,41.39729
2.17399,41.39403
2.17492,41.39643
2.1714699,41.39384
2.17035,41.39212
2.17774100909,41.3913049464
2.17469,41.39625
2.17328,41.39287
2.1730299,41.3971
2.17653,41.3936
2.1730109,41.3916044068
2.1727502346,41.3919903946
2.17879812518,41.392245275
2.17372,41.39319
2.17261,41.39741
2.17068,41.38989
2.1716499,41.3970718
2.17836,41.39307
2.17484,41.397
2.17192524727,41.3941905841
2.170478,41.391996
2.1703,41.39606
2.17032,41.3954506
2.17923,41.39417
2.17227098443,41.3939381754
2.16711,41.39627
2.1729599,41.39159
2.17417,41.39208
2.18621492386,41.3939542747
2.1798099,41.38978
2.18162,41.39459
2.17892,41.39111
2.18065,41.3932915
2.18609,41.39402
2.18860858734,41.3950678688
2.18197,41.39574
2.18971252441,41.3910084323
2.19941,41.393637
2.19866,41.39436
2.191122,41.39085
2.19144,41.39167
2.19233,41.39419
2.19547735,41.39262903
2.18864,41.39194
2.2044222,41.3921209
2.20161,41.3910399
2.18317375498,41.3831610938
2.19872,41.39431
2.19827,41.39398
2.19998,41.3896103
2.2004399,41.3926392
2.19924,41.39531
2.19992,41.39132
2.20342794409,41.3912289927
2.20029115677,41.3914430732
2.1985,41.39118
2.20641614191,41.3944690445
2.10214,41.3852199
2.11808010933,41.3866911373
2.12698,41.39002
2.1295099,41.38622
2.12398125806,41.3873933283
2.14987627,41.37623529
2.1325163,41.3869117
2.1287944,41.3883114
2.13124,41.38614
2.12293,41.3892403
2.12458848953,41.3894469207
2.13229471405,41.3866082376
2.12898437998,41.3876379883
2.13647228344,41.3893757066
2.13692007787,41.389357125
2.1362199,41.3855999
2.13366,41.39059
2.13263511658,41.390171338
2.14009652923,41.3886031996
2.13508234938,41.3895256831
2.1352193953,41.3896754493
2.14397662933,41.3882585409
2.1406,41.3883018
2.1429999,41.3857918
2.14053,41.38905
2.1440699,41.3885498
2.13974,41.39037
2.14389,41.39027
2.14741,41.38937
2.14592819289,41.3904816364
2.14692,41.38988
2.1501199,41.3894499
2.15009,41.38628
2.15035880951,41.3865531868
2.14752,41.38523
2.14652,41.3896299
2.15087,41.38828
2.14942687805,41.3856827227
2.15007060822,41.3859549468
2.14456558228,41.387676089
2.14993,41.3904799
2.15258,41.3913
2.14521,41.38771
2.14775,41.38675
2.15076,41.3896
2.14711351955,41.3908532384
2.15281,41.39029
2.15468,41.3897199
2.15205,41.3909
2.1587,41.38934
2.15436,41.39056
2.15599,41.38933
2.15775,41.39116
2.15667,41.38882
2.1544680899,41.3903613794
2.15783828552,41.3876467933
2.15728866727,41.3881903019
2.15422153473,41.3906542783
2.14382013364,41.3802403685
2.1591999,41.3897199
2.1591838,41.3902044
2.15983,41.38959
2.16078,41.38951
2.16025,41.39026
2.16016,41.3901899
2.16045612152,41.3885483141
2.15978,41.38621
2.16038,41.38746
2.16068,41.38755
2.16108,41.3911299
2.159888,41.3865471
2.1611199,41.3869095
2.16148,41.38942
2.15812,41.38575
2.16168,41.3862305
2.16342,41.3894997
2.16055,41.3904799
2.16079944427,41.3894337241
2.16242,41.38704
2.16392,41.38846
2.15698,41.38858
2.16235,41.38768
2.15922,41.39119
2.16167,41.38845
2.15891,41.3895
2.1594690686,41.3899005718
2.16426,41.3906599
2.15829962547,41.3856344251
2.1577835083,41.3897205904
2.156284,41.390869
2.1601925147,41.3909717566
2.15767,41.39002
2.16031,41.38853
2.15747,41.38966
2.16314,41.38929
2.16307932194,41.3890393157
2.15708,41.39192
2.1602199,41.38709
2.16682,41.3888092
2.16531,41.38952
2.13369872,41.38872449
2.16726,41.38809
2.16738,41.38801
2.167,41.38881
2.1668183213,41.3887012494
2.16549,41.38511
2.16801651818,41.3872203581
2.16478,41.39052
2.16764,41.3871899
2.16799,41.38507
2.16607117181,41.3891072391
2.16847921094,41.3878812278
2.1665899,41.39038
2.17815,41.38637
2.17349,41.38564
2.1749401,41.3866882
2.17203181,41.3890709675
2.17206472214,41.3903835141
2.17185,41.3892784
2.17173236333,41.3898017767
2.17564,41.38642
2.17724,41.3888
2.172376885,41.390784455
2.17013889,41.38527778
2.17295819,41.38962163
2.17183,41.38905
2.17369708646,41.3895544302
2.1789,41.38928
2.17873,41.39002
2.17885,41.39007
2.17965,41.38918
2.1793442374,41.3892324956
2.1798312664,41.3896380871
2.18162064285,41.3866320834
2.1800699,41.3861694
2.18065,41.3880399
2.1805501,41.3881989
2.18305,41.38535
2.17795,41.3895399
2.18302087347,41.3863610343
2.1810299,41.38586
2.18282,41.3853
2.18098,41.38797
2.18319,41.38647
2.18021,41.3855099
2.18027,41.38525
2.17644,41.38653
2.17450777557,41.3868238187
2.18391,41.38623
2.17568469546,41.3896595807
2.17611,41.38606
2.18105450614,41.3858784568
2.18068,41.38887
2.16108917,41.38412827
2.17595,41.38618
2.18014,41.38857
2.18012,41.38628
2.18431,41.38498
2.19676136971,41.3858488621
2.19702422619,41.3858891099
2.198174549,41.387338955
2.1989701,41.3881416
2.19885491933,41.3878328987
2.19701999481,41.3868418535
2.19777105376,41.3862092514
2.20048266387,41.388730395
2.20024170344,41.3887997025
2.197211,41.385421
2.19684833344,41.3853607383
2.20067143161,41.3889475053
2.20290500444,41.3876050911
2.198807,41.390247
2.19651706547,41.3848558462
2.1985649472,41.3872362753
2.1262014975,41.381099635
2.1279,41.3806
2.13768303394,41.3822264543
2.13365223989,41.3811381256
2.13625,41.38792
2.13267,41.38591
2.1380118,41.3826184
2.13479,41.38326
2.130452112,41.383641124
2.13379,41.38075
2.13682,41.38327
2.13606,41.38077
2.13427776154,41.3864071819
2.13485632648,41.3872117391
2.13604,41.38372
2.13963,41.38618
2.13417,41.3870099
2.13659,41.38206
2.13151,41.3855515
2.13216304779,41.3864364781
2.13303,41.38527
2.1394099,41.38544
2.139213435,41.379619385
2.14055,41.38675
2.14436,41.38169
2.1459818675,41.384930215
2.1452,41.38232
2.1414399,41.38331
2.14149,41.3813699
2.13877,41.38517
2.1418499,41.38268
2.14073,41.38067
2.14206,41.38154
2.1457099,41.3846599
2.14676,41.38174
2.14963,41.38361
2.15106,41.38164
2.1487899,41.3808708
2.14664,41.38001
2.14606761932,41.3851968436
2.1514599,41.3825111
2.14782,41.38014
2.14997,41.38107
2.14911287802,41.3688101955
2.15185,41.38367
2.15125,41.38348
2.14867585953,41.384620168
2.14882,41.37995
2.15007,41.38089
2.14814,41.38161
2.14681,41.38602
2.1479499,41.3866
2.14974,41.3806381
2.1479499,41.3844
2.15549,41.38092
2.1541069,41.385683
2.15323448181,41.3800931642
2.1559274,41.38021501
2.1538748,41.3858446
2.15555,41.38017
2.15332,41.38019
2.15678,41.38505
2.15448,41.38617
2.15078,41.37998
2.15606,41.38421
2.15258,41.3868408
2.15563774109,41.3869435945
2.156924,41.386721
2.15314,41.3832
2.158402,41.387093
2.15721,41.3868099
2.1586101,41.3836784
2.15974283231,41.3848368615
2.16241594569,41.3848110196
2.15883493423,41.3859374073
2.16021,41.38304
2.15968,41.38329
2.15914,41.38669
2.15919,41.3846
2.16637731022,41.3849192353
2.16289,41.38045
2.16038,41.3843
2.16289,41.38506
2.15887,41.38374
2.1605,41.38326
2.16105,41.38575
2.16254,41.38543
2.15941,41.38622
2.15916,41.38629
2.15991,41.38686
2.16359,41.3811302
2.15999,41.38605
2.161,41.38597
2.1569,41.38693
2.1665899,41.3848
2.1681499,41.38473
2.1658,41.38542
2.16875675183,41.3834101432
2.16522,41.3868
2.16642,41.38501
2.17118918896,41.3842188036
2.16784,41.38521
2.1749299,41.3841899
2.17124,41.38503
2.17291,41.38281
2.17281,41.38194
2.17068803042,41.3844739275
2.17114,41.3826899
2.17668,41.38476
2.17014,41.38467
2.1705899,41.38318
2.1727,41.38153
2.17935,41.38516
2.1799155679,41.3847336864
2.17864,41.38496
2.1787899,41.38453
2.1791,41.38355
2.17940479517,41.3845428061
2.17927,41.38498
2.17930589934,41.3838633374
2.18174,41.3845
2.18058,41.3841899
2.1779799,41.38218
2.1797769,41.3844952
2.1818399,41.3831599
2.18268,41.38432
2.1745,41.38454
2.1807704425,41.383392945
2.18027,41.3852501
2.18178,41.38453
2.18156,41.38463
2.18184162628,41.3834392426
2.18040716125,41.3852907969
2.17518,41.38118
2.18339,41.38138
2.18518608864,41.384893858
2.17675,41.38232
2.18004,41.38375
2.18011,41.38458
2.1853399,41.3853416
2.1846899,41.38272
2.18468,41.3847
2.18604685203,41.3799529698
2.18553143026,41.3812130985
2.18437,41.38422
2.1825,41.3822
2.18811,41.38159
2.18701,41.38221
2.18213,41.38563
2.18203,41.3823099
2.19419045633,41.3822217601
2.19928264618,41.3847299621
2.20120564642,41.388358563
2.17243011217,41.3712443416
2.13276,41.38031
2.1371699,41.37943
2.13832,41.37661
2.13777,41.37779
2.13274,41.37503
2.13678187606,41.379738514
2.13771,41.3797799
2.12735363306,41.3818177035
2.13372,41.37553
2.13401,41.37761
2.13678,41.37609
2.1372120982,41.3770449375
2.1324,41.38053
2.1371699,41.37727
2.13461,41.3797
2.1365599,41.37674
2.13189462706,41.3793673327
2.14337,41.37805
2.1373186116,41.3781301313
2.14931716336,41.3768743741
2.14558,41.37633
2.14905965734,41.3767125464
2.15007,41.37675
2.1489110867,41.3761033585
2.1493487,41.3761378
2.15306282043,41.3783542798
2.15801,41.3790092
2.156087165,41.37923374
2.15376132782,41.3782766769
2.1534,41.38104
2.15421,41.38018
2.154090785,41.375994065
2.15593,41.37913
2.15444797333,41.3754750397
2.1543701,41.3807297
2.15791,41.37622
2.15453,41.3756218
2.15921,41.3800583
2.16048,41.3791
2.1593,41.37921
2.16034,41.37975
2.16141,41.3808
2.16287,41.37682
2.16588491257,41.3789770673
2.15953,41.37943
2.16374,41.37803
2.159245,41.379836
2.16389,41.37731
2.15834,41.38047
2.15824,41.37517
2.15797,41.3758812
2.16051,41.38048
2.1641499,41.37632
2.15901,41.37826
2.159141,41.3815139
2.16123819351,41.3751501024
2.1601499,41.37816
2.16169,41.37568
2.15772,41.37973
2.15936,41.37995
2.15796,41.38076
2.16113,41.38001
2.16118,41.37997
2.16115,41.37483
2.15797662735,41.379332408
2.16017,41.37793
2.15938323792,41.3798223561
2.16118,41.38233
2.16244,41.38133
2.1615,41.37972
2.1565599,41.38206
2.15864,41.38249
2.16398,41.37738
2.16382,41.3775101
2.16344,41.37991
2.1656,41.38203
2.1671999,41.3806
2.16584795455,41.3791849265
2.1657,41.38036
2.167012,41.3811836
2.16953771095,41.3790724018
2.17015670836,41.3808566352
2.16694,41.38011
2.16744,41.37883
2.16918,41.38012
2.16866,41.38196
2.16856,41.38292
2.16927,41.37835
2.16881,41.38228
2.17071,41.38244
2.16963,41.38196
2.16379,41.37891
2.17134,41.37757
2.17074,41.38414
2.17061153125,41.3787926016
2.16917,41.37645
2.16931,41.38257
2.17309,41.37917
2.17115828316,41.3800337397
2.17305555556,41.3808333333
2.168,41.38091
2.16765,41.38065
2.16793,41.37547
2.17311,41.38074
2.166666,41.380897
2.16906064804,41.3776004307
2.16875,41.3805885
2.173526819,41.377733613
2.17294,41.38032
2.173842,41.3801282
2.17558,41.38021
2.17478,41.37913
2.17375,41.38088
2.17612543983,41.3793698796
2.1749799,41.3789101
2.17496,41.3804
2.17571,41.37988
2.17526,41.38046
2.17484235764,41.379046619
2.17388888889,41.3822222222
2.1751383,41.3821464
2.17780464943,41.3779908832
2.17398133686,41.3803602473
2.17448,41.3805
2.1744,41.3812
2.17192,41.37924
2.17536,41.38121
2.17392,41.38069
2.17183,41.38089
2.17944,41.38017
2.1791501,41.3802986
2.17997,41.38035
2.17989,41.3802499
2.1793301,41.380619
2.17969,41.37998
2.1793,41.38019
2.18027,41.3801
2.17935,41.37962
2.18416439283,41.3765850321
2.18014,41.3813
2.17949,41.38054
2.1825264,41.3812641
2.17885,41.37962
2.17902,41.38031
2.17687,41.38012
2.1789,41.37756
2.17797517776,41.381268495
2.18091,41.38091
2.1797,41.3801599
2.18728,41.38086
2.18748024063,41.3797612274
2.1891699,41.3760796
2.1875888486,41.3805404278
2.18804,41.37894
2.1872345105,41.3802073665
2.18799,41.3799
2.18924,41.37591
2.18736,41.38066
2.18843480707,41.3773445285
2.186971255,41.3809269725
2.18894118126,41.3759500384
2.18907154056,41.3791152935
2.1865762,41.3808132
2.18881130219,41.3753433236
2.1831999,41.38136
2.18756441803,41.3794408193
2.18840950375,41.3775597863
2.19204181488,41.3790173194
2.19064035853,41.3759052113
2.19115,41.37817
2.193283,41.380904
2.19169,41.37889
2.18813651855,41.375925886
2.18989,41.37894
2.19059813217,41.375903477
2.18962,41.37902
2.18998,41.37754
2.18876838684,41.3781932696
2.19128,41.3796
2.19336032867,41.3799321584
2.08681339081,41.3717071305
2.09796,41.37102
2.1017,41.3709
2.10200588219,41.3793049101
2.10763151333,41.3796816067
2.11496,41.3771
2.11810631,41.3780894467
2.12000725263,41.3758071722
2.12162934161,41.3763135001
2.12377,41.37715
2.12147857052,41.3766405837
2.1241418,41.3740539
2.12540501411,41.3777050883
2.12481,41.37402
2.12127,41.3704899
2.1294,41.3712692
2.1758399,41.3799896
2.13320374489,41.3742644979
2.1320801,41.3767014
2.1305299,41.3733999
2.12652,41.37692
2.12751,41.37867
2.1240204,41.3795094
2.13288,41.3749899
2.13644,41.37399
2.13364476021,41.3753462259
2.13851,41.37589
2.13626,41.37394
2.13691705521,41.3720935927
2.13539,41.37438
2.13905,41.37492
2.1390699,41.37627
2.13383,41.37484
2.13856,41.37746
2.13737,41.37364
2.1405599,41.3763999
2.140427,41.375816
2.14203,41.37374
2.13860034943,41.3753594254
2.15149,41.37543
2.15677,41.37482
2.15953467442,41.3750150924
2.15962,41.3748099
2.16208,41.37516
2.16193007675,41.3744837234
2.16274,41.37671
2.15905116108,41.3697688808
2.1608,41.3767
2.16013,41.37517
2.15503533,41.37414954
2.16236,41.37643
2.16273063477,41.3761674096
2.15794,41.3765
2.1596899,41.3744011
2.16002,41.37318
2.15627,41.37547
2.15993,41.3740499
2.16399,41.37569
2.16213,41.37249
2.16005265713,41.3761846342
2.16636,41.37515
2.16589,41.37515
2.16573,41.37423
2.16673,41.37451
2.16695,41.37515
2.1672699,41.3745613
2.16856,41.37417
2.16962,41.3750849
2.16672,41.37576
2.16456,41.37515
2.16729,41.37532
2.16955,41.37406
2.16938,41.37514
2.17001,41.37323
2.1677399,41.37592
2.1704,41.37522
2.16757565667,41.3746953686
2.16643,41.3716011
2.16894,41.37382
2.16798,41.3729
2.16703176498,41.3755687476
2.17316,41.37495
2.17293,41.37542
2.17217,41.375
2.17221915722,41.3748884478
2.17246283451,41.3749564
2.17262,41.37668
2.17468,41.37689
2.1705301,41.3754196
2.17490002541,41.374339718
2.17092,41.37594
2.17018604279,41.3751259498
2.17369,41.37861
2.1772999,41.37652
2.18181966072,41.374868324
2.18363,41.37526
2.17838,41.37794
2.17800849731,41.3775762789
2.18975748373,41.3750588739
2.1885372,41.3756326
2.18886279593,41.3732158395
2.1886711653,41.3766796908
2.18806140288,41.3755877739
2.18900312078,41.3757029166
2.18917,41.37608
2.18882203102,41.375383578
2.18877911568,41.3752306113
2.18887,41.37047
2.18966,41.37658
2.1887227,41.3753357
2.09851559426,41.3653818564
2.10103,41.37017
2.13103156,41.38908572
2.1289301,41.36726
2.1324140071,41.3675755332
2.13925,41.36931
2.13442,41.37099
2.1436279,41.3664698
2.1450999,41.37353
2.14054495096,41.3716015736
2.14355707169,41.3716076121
2.14664161205,41.3684715421
2.1432099,41.3745003
2.13647,41.36582
2.13796,41.3693504
2.14897164213,41.3688905896
2.148721828,41.368577676
2.16693444,41.36705621
2.16569,41.37193
2.16545591815,41.3681213515
2.16763,41.37276
2.1697,41.37263
2.16661,41.37249
2.17401,41.37376
2.1708,41.37298
2.17599941726,41.3544830543
2.1894186,41.3686252
2.19048425345,41.3693023241
2.07609,41.36211
2.078076606,41.365189986
2.09916,41.3616
2.11151062446,41.3634908804
2.1380959407,41.3614967114
2.13577,41.36348
2.1343869874,41.3605501792
2.12777,41.36358
2.13963,41.36253
2.15275835152,41.3643137059
2.1290271856,41.3583299485
2.16356,41.38412
2.13634,41.35968
2.08348,41.35415
2.10823,41.35185
2.07866083,41.347749728
2.082921,41.348129
2.090444954,41.352197214
2.10839120266,41.3460159575
2.12521076202,41.3492532707
2.14155534083,41.338098957
2.09611797388,41.331186309
2.11262503258,41.3340034305
2.1211046,41.3290174
2.09689,41.32483
2.092217,41.32266
2.12025403976,41.3302750467
2.13492071463,41.3230376297
2.074248,41.317646
-3.70565,40.4201
2.2166806917,41.4099745175
2.2026522,41.3995633
2.16806973,41.38769682
2.18247550428,41.3868688067
2.16203794,41.3795194
2.17741,41.37714
2.1467026,41.3899132
2.1885719,41.3749683
2.144935,41.3974404
2.1244944,41.386004
2.181299,41.371605
2.16007,41.3763
2.159265,41.39726
2.2302873,41.4435255
-3.70771,40.41577
2.1629901,41.3924484
-3.67823123932,40.4377856203
-3.70074,40.42416
-3.68877017384,40.4529372599
-15.456735369,28.0955800744
-3.63900661469,40.5323936071
-3.61223862776,40.5399900587
-3.6132,40.53995
-3.64285,40.52822
-3.67348909378,40.5146963742
-3.67060712831,40.5119158708
-3.67112142909,40.511650397
-3.67353200912,40.5121678167
-3.65207140915,40.5150443592
-3.71320724487,40.5102101583
-3.69469052474,40.5079568118
-3.69313,40.5097
-3.69392,40.50814
-3.6790740075,40.5106360408
-3.67752,40.5107002
-3.69206261208,40.4853321017
-3.67134,40.5111885
-3.66927,40.51112
-3.66845391691,40.5096371245
-3.66809199187,40.5077982057
-3.667442,40.509146
-3.70363,40.4287
-3.64516,40.5081
-3.71609586533,40.5054627296
-3.70574,40.50362
-3.70521682556,40.5042390774
-3.702952,40.504188
-3.70533965084,40.5024047406
-3.69456203372,40.5066592663
-3.68560690539,40.504719068
-3.67541,40.50541
-3.67608225012,40.5059272953
-3.67128,40.50569
-3.67412997,40.5056143159
-3.67367,40.5042
-3.67320898,40.50435396
-3.6736389,40.5046842
-3.67716,40.50206
-3.6678,40.50379
-3.6708801,40.5043793
-3.66594,40.50775
-3.70722,40.50179
-3.70718300343,40.50152032
-3.69202,40.50136
-3.68839,40.49815
-3.69176883903,40.5007310772
-3.67508,40.49948
-3.67174,40.50061
-3.67260116394,40.4998011117
-3.67273807526,40.4999478305
-3.67252349854,40.5007473369
-3.66941,40.50441
-3.66642,40.49669
-3.71872,40.49534
-3.71304,40.49679
-3.70725,40.50144
-3.70179046761,40.4942294665
-3.70473,40.49174
-3.65982055664,40.4947426477
-3.65609,40.4932299
-3.65448981508,40.4925739993
-3.65595772298,40.4936207014
-3.6552221725,40.4930610217
-3.65452,40.49327
-3.65691,40.49706
-3.65663,40.49252
-3.6542,40.49881
-3.6551973,40.492774
-3.59345527715,40.4914477014
-3.56681,40.49295
-3.72214,40.49095
-3.70163,40.48709
-3.68541,40.48853
-3.67788674,40.48676087
-3.6675,40.48724
-3.66069,40.48795
-3.65767478943,40.48725235
-3.65082979202,40.4885171104
-3.65074,40.48918
-3.73839597974,40.4868613309
-3.71476306362,40.4838019917
-3.71344327927,40.4830417503
-3.71138,40.48379
-3.70129,40.48242
-3.6925399,40.4858017
-3.67556,40.48184
-3.66539,40.48604
-3.66539,40.4860382
-3.67173,40.48176
-3.66575525812,40.4862570805
-3.66542,40.48229
-3.6714001,40.4885483
-3.6477,40.48425
-3.71368,40.43525
-3.72314030783,40.4800136587
-3.71285319328,40.4796061623
-3.71164,40.48137
-3.70745762541,40.4795663209
-3.70790259313,40.4790830675
-3.70787586,40.47954099
-3.7117,40.48154
-3.70296,40.47919
-3.70580514979,40.4770585229
-3.6865,40.47905
-3.66795,40.47911
-3.6698599,40.4771004
-3.66925,40.47687
-3.66667,40.48116
-3.6626,40.47773
-3.64995563,40.47865957
-3.63352417946,40.4766600667
-3.76807462425,40.4726392401
-3.73268264587,40.4819647081
-3.73219,40.47564
-3.72802443308,40.4723548122
-3.72633,40.4744186
-3.7158,40.47408
-3.71448,40.47621
-3.71227920055,40.4754807761
-3.71262867,40.4761481367
-3.70575,40.47678
-3.70642,40.47641
-3.70627717479,40.4796502653
-3.7037899,40.4765282
-3.7056,40.47657
-3.70142,40.4745599
-3.6872162,40.4756141
-3.6875801,40.4746094
-3.68222222222,40.4722222222
-3.682456,40.472179
-3.684657,40.47199
-3.68188393747,40.4723176548
-3.68192195892,40.4728732055
-3.7022,40.41987
-3.66943,40.47779
-3.63913,40.47639
-3.63945,40.47523
-3.64429,40.47742
-3.63695204258,40.4724283985
-3.63034,40.47281
-3.6303401,40.4728088
-3.57832,40.4737099
-3.57857,40.47273
-3.5756876653,40.4736637761
-3.57878,40.47457
-3.57748361914,40.4734209074
-3.71189,40.4252899
-3.58154,40.47196
-3.58128505646,40.47916563
-3.57636,40.47251
-3.58176,40.4729
-3.79408,40.4673299
-3.79216,40.46817
-3.72312,40.46778
-3.71337890625,40.4691514269
-3.72002707626,40.4215986242
-3.6953,40.47125
-3.69208,40.46978
-3.68827654723,40.4674301468
-3.68576,40.47172
-3.68559,40.4698
-3.6863,40.46793
-3.68945,40.46759
-3.68252277374,40.4718285165
-3.68256568909,40.471012342
-3.68416,40.46721
-3.6817073822,40.4717142527
-3.68217140436,40.4717366974
-3.68452,40.4686499
-3.66166,40.46811
-3.65329910137,40.4670483738
-3.64074928506,40.4694753121
-3.64100718027,40.4694418519
-3.6417,40.46918
-3.64349210179,40.4711023004
-3.63845,40.46842
-3.63147497177,40.4674863539
-3.60955486227,40.4687074082
-3.58173862324,40.4690397009
-3.58068370559,40.4704717408
-3.58075,40.47141
-3.58032,40.4691199
-3.58124,40.46992
-3.78827,40.46573
-3.78392,40.46542
-3.78556759145,40.4648196539
-3.78191224771,40.4666642788
-3.77196907997,40.4646784903
-3.70302,40.46665
-3.69734,40.46501
-3.69571,40.46407
-3.69325,40.46398
-3.69323,40.464
-3.697007,40.464321
-3.693358515,40.464312315
-3.69603,40.46611
-3.69674,40.46296
-3.70226,40.46651
-3.69355,40.46369
-3.69887,40.46456
-3.69289,40.46384
-3.696641922,40.4655763664
-3.69231,40.46391
-3.6925844,40.4706076
-3.6948099,40.4629288
-3.69854,40.46266
-3.69595,40.46329
-3.69302,40.4642
-3.6947,40.4633899
-3.69681,40.4638
-3.69089,40.46575
-3.68957,40.46799
-3.69330781754,40.4621808293
-3.69144,40.4622
-3.68581,40.46251
-3.68412,40.46349
-3.67012,40.46228
-3.6580657,40.4635057
-3.64946,40.46418
-3.64982128143,40.4637479514
-3.63921,40.46504
-3.64123821259,40.4628337253
-3.63579,40.46288
-3.63595,40.46591
-3.63872,40.46477
-3.63767,40.46248
-3.63665413322,40.4626051577
-3.63162,40.46571
-3.63029,40.4654
-3.61702,40.46329
-3.59277,40.46522
-3.59132,40.4621
-3.58711,40.4656499
-3.5916901,40.4625587
-3.78263,40.45841
-3.71225,40.45725
-3.71202,40.45708
-3.714167,40.418333
-3.70032,40.4617999
-3.69902,40.46065
-3.6996,40.45917
-3.70257753189,40.4620665491
-3.7015124,40.4576742
-3.7021780014,40.4585073077
-3.70181,40.45819
-3.6985439125,40.4607274975
-3.69875,40.4597399
-3.70029,40.46134
-3.69736,40.46161
-3.699,40.45879
-3.697857822,40.460550981
-3.69956016541,40.4588583294
-3.69811,40.46162
-3.69374,40.46197
-3.69446,40.45994
-3.69285,40.45957
-3.6938739,40.4587288
-3.6963,40.46028
-3.69378,40.4617
-3.69508,40.45975
-3.6963301,40.4613991
-3.69149,40.46186
-3.69376446823,40.4619087648
-3.69849,40.45802
-3.69154,40.46134
-3.69207,40.46284
-3.69041919708,40.461576644
-3.68815541267,40.4617399026
-3.68478300158,40.4350438779
-3.68694,40.46052
-3.68647,40.46114
-3.68802,40.46108
-3.69086164291,40.4576278352
-3.68728637695,40.4591603697
-3.68195,40.45877
-3.68338,40.45882
-3.68579,40.46278
-3.67997702264,40.4587439466
-3.68091203,40.45858713
-3.68195317643,40.4585853181
-3.68542,40.45801
-3.68753,40.46278
-3.68769,40.4611
-3.68257,40.4583817
-3.68017,40.45826
-3.67698,40.46012
-3.67641,40.45971
-3.67617,40.46016
-3.67469,40.45829
-3.6786,40.45887
-3.6777,40.45817
-3.67803,40.45887
-3.67881,40.45844
-3.70384,40.41417
-3.67292,40.45825
-3.67995,40.45713
-3.67658140092,40.4584727028
-3.67634,40.45723
-3.67428607267,40.4582205776
-3.67447,40.4668599
-3.67412,40.45587
-3.67665,40.45762
-3.67751,40.459549
-3.72082,40.4148712
-3.66803067978,40.4595604975
-3.67175,40.46323
-3.67452,40.45796
-3.66944,40.45853
-3.6556,40.45873
-3.65021,40.45731
-3.61869949158,40.4568421013
-3.61604465222,40.4622042443
-3.62491,40.45892
-3.59168428238,40.4623604122
-3.59064,40.46199
-3.58958,40.46174
-3.58241095526,40.4586748553
-3.58236594222,40.45872
-3.58776,40.4582
-3.57090190692,40.4640076651
-3.78709,40.454555
-3.70508,40.45678
-3.71337074097,40.4570380254
-3.71638,40.45867
-3.70724,40.45449
-3.70769,40.45327
-3.71287,40.45299
-3.70480711857,40.4563214114
-3.69988,40.45723
-3.703,40.45456
-3.69758,40.4553
-3.70324,40.45305
-3.70037,40.45334
-3.69874,40.45524
-3.69932413101,40.453641796
-3.69707,40.45618
-3.70058,40.4525999
-3.69774,40.45428
-3.69333744049,40.4530050083
-3.69433,40.45525
-3.69403,40.4544799
-3.696804623,40.455151344
-3.69146,40.45634
-3.69295,40.45604
-3.69243,40.45655
-3.69741,40.4545
-3.69695,40.45225
-3.696694,40.452324
-3.69411,40.4549499
-3.69671,40.45207
-3.69406,40.45397
-3.70968,40.42286
-3.7017012405,40.4272830047
-3.69866,40.45233
-3.69077,40.4568299
-3.68766,40.45709
-3.691,40.4545403
-3.720556,40.401667
-3.68785517336,40.4532784598
-3.6881,40.4544
-3.68911,40.45563
-3.68892,40.45619
-3.68917,40.4564499
-3.6885,40.45214
-3.68855,40.45566
-3.69079,40.45661
-3.68766,40.45612
-3.68111,40.4560699
-3.67900371552,40.4544908368
-3.67949,40.45584
-3.67891,40.4562
-3.68154107845,40.4553551354
-3.6851,40.45304
-3.67815,40.45462
-3.6784301,40.4556999
-3.67909,40.4548
-3.67609,40.45595
-3.67863,40.4538
-3.6786,40.45336
-3.67435,40.45409
-3.67923,40.45441
-3.6745,40.45675
-3.67469,40.4582901
-3.65934,40.45447
-3.65857,40.45673
-3.6706,40.45546
-3.66075,40.45679
-3.65478,40.45455
-3.6481,40.45411
-3.64554,40.45615
-3.64832,40.45698
-3.61913721801,40.4556788763
-3.62409,40.45381
-3.62394,40.45348
-3.61319,40.45473
-3.62589,40.45893
-3.60328067839,40.4537613139
-3.6033299,40.4537582
-3.58301,40.45389
-3.77303,40.4498901
-3.7154173851,40.4491841555
-3.71142,40.44896
-3.71058940887,40.4471430126
-3.71043,40.44943
-3.71028,40.44708
-3.70719343,40.44859386
-3.70805,40.44986
-3.70611,40.45294
-3.7075489359,40.4524087946
-3.67243766785,40.4029901767
-3.70260187557,40.4499670436
-3.69844,40.44999
-3.70399,40.44808
-3.7019,40.44737
-3.70371335741,40.4488293881
-3.69702,40.45076
-3.70066779907,40.450359956
-3.70122,40.45211
-3.70295,40.44985
-3.69845,40.44983
-3.70119,40.4475
-3.70346296517,40.4493565144
-3.70037,40.44959
-3.70073,40.45376
-3.69849,40.44937
-3.69384,40.45069
-3.69489,40.45142
-3.6965,40.44907
-3.69509,40.4492
-3.69192123413,40.4499679378
-3.69315,40.4519395
-3.69152,40.44999
-3.69166666667,40.4516666667
-3.69517463501,40.4490699835
-3.69708716869,40.4487555206
-3.69505,40.44878
-3.69523,40.44757
-3.73557621437,40.4132298269
-3.71037483215,40.4314976355
-3.6867,40.43766
-3.68908,40.4496117
-3.68031263351,40.4518457126
-3.68896,40.45059
-3.68658,40.45189
-3.686725,40.451752
-3.67869514282,40.4499354108
-3.68664,40.4512799
-3.6778,40.4523
-3.67857,40.45135
-3.6779,40.45114
-3.67884,40.44824
-3.67752319553,40.4516911144
-3.67756,40.44942
-3.67903,40.45185
-3.67702,40.44916
-3.67746,40.4475288
-3.6729987598,40.4488412072
-3.66907,40.44769
-3.67068,40.44835
-3.66873,40.44795
-3.66725,40.44853
-3.66831,40.4506299
-3.66871,40.4498
-3.67417573929,40.4532254355
-3.66382,40.44704
-3.66795301437,40.4492004843
-3.65509,40.44771
-3.65106,40.44976
-3.650553745,40.4501198867
-3.65038104245,40.450321982
-3.64989,40.45125
-3.6477,40.44862
-3.64812,40.44821
-3.648806,40.4500124426
-3.63628495848,40.4478661897
-3.59475,40.45104
-3.5889499,40.4549904
-3.58677357324,40.4468703351
-3.58802,40.4477
-3.58686514199,40.4475201184
-3.57707,40.44929
-3.57042,40.44836
-3.78686339849,40.4450295613
-3.78502,40.44469
-3.70959,40.44483
-3.71428,40.4433099
-3.70198,40.44655
-3.70189548202,40.4458992222
-3.70003,40.44618
-3.70309,40.44456
-3.69829,40.44591
-3.6986799,40.4475288
-3.69863,40.44539
-3.70315,40.44469
-3.69721,40.44715
-3.69901,40.44253
-3.69334,40.44756
-3.69257,40.4475
-3.69841,40.44738
-3.69899,40.44804
-3.6923289299,40.4493474442
-3.69039773941,40.4476492218
-3.68608,40.44602
-3.69022,40.44993
-3.68898,40.4496899
-3.69007,40.44929
-3.6865,40.44616
-3.67823916729,40.4464001516
-3.68714,40.45169
-3.68833,40.4512
-3.69033,40.44876
-3.68802,40.4505399
-3.68006,40.44329
-3.68067,40.44301
-3.6749699,40.4464188
-3.67508,40.44619
-3.67133,40.44509
-3.68073,40.4424599
-3.6767,40.44553
-3.67822,40.44817
-3.67997,40.4430618
-3.67467,40.44362
-3.66651,40.44802
-3.66688,40.44442
-3.67061,40.44465
-3.66676,40.44708
-3.67260932922,40.4476165632
-3.67019,40.44684
-3.6565,40.4421899
-3.64807,40.4428
-3.6435869577,40.4462166718
-3.64238,40.4430618
-3.63504,40.44479
-3.63404,40.444
-3.63432,40.44373
-3.61252784729,40.4466857881
-3.61176,40.44675
-3.61485,40.44546
-3.61037,40.44697
-3.5881927,40.4463903
-3.57960361298,40.4448406594
-3.58033317383,40.4423421306
-3.78523,40.44035
-3.78502,40.44234
-3.78696776507,40.4446935084
-3.72655391693,40.4472409889
-3.71209,40.4397
-3.7137,40.43775
-3.70903,40.44064
-3.7062399,40.4412193
-3.71135,40.43732
-3.70966191467,40.4404357827
-3.70857,40.43865
-3.70918741,40.43837236
-3.70387,40.44298
-3.71425,40.44177
-3.70811,40.43911
-3.70505,40.4385199
-3.69911,40.43985
-3.69935,40.43945
-3.70063,40.4398
-3.70378,40.44317
-3.70089054108,40.4406762627
-3.69914,40.43942
-3.69919,40.43875
-3.70021,40.44055
-3.69927850368,40.4383957877
-3.69901,40.44105
-3.69907,40.44033
-3.6975,40.44047
-3.69714,40.44192
-3.69915,40.43932
-3.70071,40.4433999
-3.6989,40.44498
-3.7026,40.44343
-3.6969,40.44191
-3.69616,40.4428
-3.6958,40.44156
-3.6946,40.43876
-3.69431,40.43963
-3.69636,40.44188
-3.69568705559,40.4450038283
-3.69941,40.43764
-3.69931,40.4373999
-3.69643,40.43954
-3.6956999,40.4438782
-3.69842,40.4385199
-3.69615,40.4386
-3.69437,40.43873
-3.69731,40.4427499
-3.69374,40.43925
-3.69837,40.43822
-3.69769,40.4407799
-3.693204,40.441217
-3.6990499,40.4404907
-3.69591,40.4384
-3.69275,40.4407997
-3.69558,40.44497
-3.69937,40.43917
-3.69977,40.43781
-3.68991494179,40.4380795896
-3.69638442993,40.4439423757
-3.67263,40.42847
-3.67118,40.44257
-3.67746,40.44124
-3.67814,40.44147
-3.68074,40.43767
-3.68074,40.44102
-3.67158,40.44224
-3.67913,40.43998
-3.68249,40.4398399
-3.67687,40.43742
-3.67083,40.44114
-3.66991333712,40.4423897304
-3.67189,40.4422
-3.66868,40.4414787
-3.65276,40.44176
-3.64683,40.43938
-3.64933,40.4399
-3.64326,40.44043
-3.6383911,40.4376005
-3.63732,40.43821
-3.63485,40.43794
-3.62977,40.43996
-3.63005,40.44035
-3.6366756564,40.4381001345
-3.63504,40.43785
-3.63521,40.43751
-3.62657,40.44023
-3.62586,40.4386597
-3.62305,40.43985
-3.60751,40.43949
-3.58663,40.44436
-3.79973,40.43385
-3.71803,40.43497
-3.71888,40.43523
-3.71648,40.43614
-3.7165760994,40.4358012938
-3.71727387928,40.4393438738
-3.71634,40.4364599
-3.71627,40.43535
-3.71322,40.43604
-3.71445,40.43519
-3.71637,40.4375799
-3.71526,40.43695
-3.71507,40.43314
-3.71061515834,40.4352889525
-3.71002,40.43582
-3.71755360176,40.433808062
-3.71321,40.4363
-3.71035,40.43503
-3.7129,40.43522
-3.71293,40.43625
-3.71638,40.4403
-3.71731,40.4334599
-3.71684,40.43408
-3.71076,40.43745
-3.71044,40.43371
-3.70853,40.43414
-3.70831,40.43678
-3.70858,40.4368
-3.71117,40.43691
-3.70408773422,40.4357114669
-3.70993,40.43395
-3.70912,40.4362799
-3.70532,40.43614
-3.71047,40.43315
-3.69839,40.42216
-3.71153,40.43262
-3.71523,40.43547
-3.7030399,40.4337311
-3.6991401,40.4363403
-3.70252,40.4336399
-3.70256,40.43578
-3.70203,40.43551
-3.70406,40.43699
-3.69785,40.4362
-3.69985,40.43705
-3.69522,40.4272
-3.69897264297,40.4337517086
-3.70099,40.43423
-3.7,40.4337883
-3.70207,40.4346699
-3.70288,40.43219
-3.70195,40.434
-3.70083037805,40.432565855
-3.7005999,40.4335403
-3.70084,40.43325
-3.70054,40.43326
-3.69718611111,40.4327916667
-3.69318723679,40.4359401169
-3.69147,40.4354299
-3.69824,40.4333
-3.69367,40.43654
-3.69484,40.43595
-3.69825,40.4323
-3.69156225922,40.4351542101
-3.68838,40.43643
-3.68927,40.4338
-3.6851799,40.4363289
-3.68396,40.43783
-3.68891,40.43776
-3.68629,40.43531
-3.68713,40.43767
-3.69219037173,40.4383285515
-3.68635589077,40.4376695738
-3.69106,40.43564
-3.69146,40.43383
-3.68785,40.4364
-3.70083050632,40.4231410041
-3.68491,40.43517
-3.68596,40.43492
-3.69197311307,40.4379945364
-3.68731,40.43705
-3.69138,40.43855
-3.69130554921,40.4337685123
-3.68644,40.4336399
-3.69043,40.43872
-3.68449,40.4362793
-3.69162,40.43394
-3.7099,40.4092399
-3.68622,40.43614
-3.68759,40.43322
-3.68188,40.43721
-3.68414,40.43513
-3.6818,40.43572
-3.68379,40.43625
-3.68394,40.43512
-3.68692,40.43247
-3.68292,40.43733
-3.67951,40.43511
-3.68085,40.4373703
-3.68489,40.43403
-3.68365585958,40.4337095647
-3.68199,40.43594
-3.69177,40.42534
-3.67568,40.43471
-3.67663,40.43334
-3.67892044838,40.4326819119
-3.67665,40.43636
-3.67714,40.4368399
-3.67567777634,40.4368383771
-3.67685449153,40.4325847897
-3.67574,40.43719
-3.67828,40.43347
-3.68023,40.43464
-3.67786,40.43722
-3.67707,40.43447
-3.67843,40.43725
-3.67635,40.43773
-3.67912,40.43515
-3.67131,40.4348
-3.66753,40.4365
-3.67243,40.43579
-3.67079079151,40.4372303414
-3.67249,40.43817
-3.67116,40.43463
-3.6734271891,40.432808625
-3.67287,40.43498
-3.673183468,40.435348988
-3.67589403013,40.433423555
-3.67142,40.43472
-3.67351,40.43483
-3.6711,40.43527
-3.66544,40.43439
-3.67191,40.4321399
-3.6629,40.4315799
-3.65889,40.43478
-3.664134,40.435429
-3.6569,40.43351
-3.6543,40.43683
-3.65613,40.43568
-3.65844726562,40.436152434
-3.65344,40.43306
-3.64848,40.43322
-3.64589,40.43622
-3.648130335,40.43314853
-3.64732,40.43382
-3.65251,40.43324
-3.651545,40.436991
-3.65052,40.43821
-3.64932,40.43363
-3.64441,40.43645
-3.64381996763,40.4335184948
-3.64346,40.43548
-3.64219,40.4333699
-3.64424,40.43529
-3.63671,40.43703
-3.63741,40.43745
-3.63324,40.4386597
-3.63887,40.43397
-3.63654,40.43742
-3.63822,40.44225
-3.62899,40.43435
-3.63083,40.43448
-3.62305,40.43664
-3.6083,40.43433
-3.61010313034,40.4355154806
-3.79408121109,40.4272508716
-3.73498,40.43028
-3.7227,40.43153
-3.71980438125,40.4287715737
-3.72162,40.4291399
-3.71656,40.42907
-3.71791,40.4326099
-3.71393,40.42769
-3.71622336485,40.4331652238
-3.71428,40.43015
-3.71472,40.43091
-3.71281,40.43043
-3.71704816818,40.4316119678
-3.71027,40.432
-3.71053,40.43208
-3.71337890625,40.4317752992
-3.70878773552,40.4299592841
-3.70365,40.4315
-3.70413,40.42994
-3.7087,40.42967
-3.70587,40.42879
-3.7097,40.43296
-3.70768,40.42929
-3.70686,40.42949
-3.70796,40.42964
-3.70903,40.43132
-3.7063301,40.4284286
-3.71042277496,40.4274112679
-3.70482,40.43169
-3.70723,40.42922
-3.70956,40.4289599
-3.70473,40.43022
-3.71013,40.42778
-3.70522499084,40.4288189388
-3.70706,40.430752
-3.70367,40.43248
-3.70937961395,40.429162079
-3.70254794295,40.4297425726
-3.70095491409,40.4310566379
-3.69817,40.43193
-3.7011827832,40.4313017674
-3.69814,40.43159
-3.70083177607,40.4231210389
-3.70217,40.42938
-3.70017,40.43127
-3.7021101,40.4302711
-3.70399,40.42944
-3.70455,40.4288
-3.70155572891,40.4298152957
-3.7012999,40.4292908
-3.70214,40.4291
-3.70325,40.42864722
-3.70199,40.4287
-3.70199,40.43095
-3.70187,40.43053
-3.70176104,40.42902411
-3.70102,40.42996
-3.70053,40.43115
-3.70033,40.43165
-3.70247,40.42971
-3.69997,40.42838
-3.70292,40.42852
-3.69908,40.43072
-3.70488,40.43265
-3.6974399,40.4328995
-3.69424,40.43058
-3.69692,40.42774
-3.69522,40.4283409
-3.69683,40.4310199
-3.69873,40.43325
-3.69929,40.4320499
-3.69086,40.4306908
-3.68604,40.43175
-3.68707670981,40.4303959307
-3.6870932579,40.4286065985
-3.69048,40.42795
-3.6874,40.42897
-3.69352,40.42925
-3.6845,40.4301605
-3.68743,40.4311099
-3.68702,40.4313
-3.68788719177,40.4279369055
-3.68403,40.42863
-3.68354,40.42984
-3.6872,40.42777
-3.68373,40.42751
-3.68723216491,40.427767089
-3.68485,40.4289284
-3.68502,40.42829
-3.68464,40.43092
-3.68419647217,40.4244903313
-3.68124872446,40.4287964797
-3.68397,40.42928
-3.68464708328,40.4312199707
-3.68483,40.43116
-3.67748022079,40.4326572821
-3.67818,40.43189
-3.67561,40.42888
-3.67304,40.42992
-3.67372,40.42809
-3.67239,40.42989
-3.67494,40.43159
-3.67205,40.43009
-3.67422,40.43222
-3.67539,40.42634
-3.67709,40.42982
-3.6746,40.43224
-3.6772,40.43116
-3.67104,40.42982
-3.6707001,40.4289703
-3.6709793,40.4285126
-3.66984,40.42833
-3.67198,40.42987
-3.66815,40.42865
-3.66518,40.42998
-3.6633503437,40.4315956346
-3.66446,40.43033
-3.66425,40.4293
-3.66382,40.43029
-3.6581447,40.4318636
-3.6581,40.43152
-3.65747,40.43197
-3.6548,40.43174
-3.65654,40.4315
-3.65067,40.43163
-3.64804,40.42866
-3.65019142628,40.4283534226
-3.65361,40.43222
-3.65245,40.43225
-3.64939762167,40.431679959
-3.6569237709,40.4320039625
-3.6427,40.4280199
-3.64372,40.42965
-3.64802,40.42768
-3.64163,40.43065
-3.64203,40.43075
-3.63326,40.43174
-3.63963,40.42771
-3.60580417416,40.4276669943
-3.72538,40.42497
-3.72658,40.42394
-3.72269,40.4225
-3.7232,40.4232
-3.71654,40.42569
-3.71936,40.4267899
-3.72028827667,40.4275734718
-3.71736,40.42603
-3.71885,40.42734
-3.72176,40.42898
-3.71646,40.4266
-3.72291,40.4224
-3.71965,40.4271
-3.7188201,40.4262619
-3.71208,40.42453
-3.71315,40.4265823
-3.7115,40.42578
-3.71216,40.42569
-3.71739149094,40.4274550491
-3.71244,40.4261017
-3.71593698941,40.4247047583
-3.70922,40.42704
-3.71037483215,40.4231345215
-3.70961,40.42712
-3.70998,40.4226
-3.70843,40.42393
-3.7092368496,40.4236431465
-3.71111981455,40.4273958824
-3.70394,40.4255799
-3.70431,40.4257599
-3.7107712,40.4231172
-3.7097445388,40.4250962405
-3.70958,40.42719
-3.70650364418,40.4240783251
-3.71046,40.42671
-3.71001878333,40.4250619233
-3.71026,40.4232299
-3.70730100154,40.4252367777
-3.70848,40.42707
-3.71065378189,40.4262708111
-3.71098,40.42648
-3.7073,40.42606
-3.70736,40.4232
-3.7041,40.42771
-3.70365,40.42743
-3.70358,40.4278199
-3.70451,40.42706
-3.7018,40.42633
-3.70289685546,40.4251183749
-3.70478,40.4232299
-3.7033,40.42514
-3.70377,40.42268
-3.70348,40.42526
-3.70227,40.4231
-3.70349,40.42736
-3.70429,40.42763
-3.70182,40.42375
-3.70316,40.42564
-3.70398133103,40.4268026763
-3.70457,40.42263
-3.7044499,40.4231415
-3.70446,40.42702
-3.70346,40.4284782
-3.70353,40.4269
-3.70292901993,40.4256827679
-3.69737,40.42783
-3.69573,40.42621
-3.69828,40.42803
-3.69704,40.42646
-3.69609,40.4268
-3.69672775269,40.4225791216
-3.69574,40.42566
-3.69759,40.4229
-3.6947843,40.4272097
-3.69883,40.42326
-3.69214,40.425
-3.69626,40.42516
-3.69557,40.42477
-3.69592,40.4244
-3.6947,40.42257
-3.69717,40.42231
-3.69403,40.42319
-3.6953516608,40.4266139644
-3.69513,40.42509
-3.70146,40.42348
-3.6963201,40.4260788
-3.69632,40.42625
-3.69736,40.42583
-3.69573,40.42671
-3.69819,40.42528
-3.69829,40.42606
-3.69745,40.42411
-3.68980098794,40.4262396456
-3.68891607039,40.4256831607
-3.69007285976,40.425199147
-3.6888499,40.4257088
-3.68775,40.42699
-3.68945222816,40.4252021703
-3.68630607958,40.4235454074
-3.68624556668,40.4236906699
-3.68885,40.42571
-3.70451152325,40.4202839647
-3.68298,40.4252899
-3.68407,40.42744
-3.68416,40.42706
-3.68415,40.4272
-3.6845801,40.4221611
-3.68436,40.42493
-3.67905,40.4243317
-3.6840799,40.4233398
-3.68214,40.42615
-3.68281,40.4229399
-3.68522130667,40.4259818473
-3.68218989172,40.425577477
-3.68293046951,40.4252907363
-3.68147082291,40.4246671089
-3.68142843246,40.423101851
-3.67662981316,40.4249455351
-3.68588457883,40.4224217105
-3.67927,40.42442
-3.68523,40.4257599
-3.68294,40.4243499
-3.68482,40.42767
-3.67786,40.42733
-3.67781,40.42749
-3.6769,40.42606
-3.67901,40.42313
-3.67806,40.42504
-3.67859,40.4243499
-3.67814,40.42475
-3.67738,40.4243
-3.67871,40.42543
-3.677099,40.423881
-3.67406,40.4268
-3.70394,40.41784
-3.67185,40.42701
-3.6719812,40.4238118
-3.67237,40.42476
-3.67078,40.42504
-3.6729,40.4262299
-3.67335,40.42728
-3.66558,40.42466
-3.66782,40.42688
-3.67066,40.42655
-3.665909778,40.426036184
-3.66749,40.42459
-3.66240153632,40.4268769352
-3.66179,40.42555
-3.66651535034,40.4281819159
-3.66791,40.42669
-3.66529,40.42993
-3.66397798061,40.4295825415
-3.66772,40.4296
-3.65289,40.42534
-3.6521399,40.4258118
-3.66437,40.42586
-3.66424,40.42998
-3.66448223591,40.4300684661
-3.65434,40.429821
-3.65012,40.42828
-3.64885,40.43086
-3.64314,40.42705
-3.64232,40.42578
-3.64196,40.42641
-3.63498,40.42549
-3.61063,40.42284
-3.60670208931,40.4287454364
-3.60415454,40.4256303067
-3.60454,40.42619
-3.72329,40.42275
-3.72195,40.42281
-3.7232,40.42264
-3.72043496,40.42134119
-3.71906,40.42042
-3.71394,40.42021
-3.71473,40.4211
-3.71356934309,40.4219154944
-3.70879012974,40.421664246
-3.70641,40.42078
-3.70734,40.4203
-3.70442,40.42208
-3.70578,40.42028
-3.70405928216,40.4231643375
-3.70414900982,40.4221442415
-3.70355731975,40.4201959659
-3.7010191612,40.4203653542
-3.7036,40.42264
-3.70619,40.42134
-3.70392143726,40.4214438047
-3.70234,40.4187299
-3.70035409927,40.4200797655
-3.70432,40.42218
-3.70392680168,40.4208883909
-3.7054929688,40.4197025785
-3.69913490318,40.4206970242
-3.70079850509,40.4194383845
-3.70444,40.42101
-3.70313,40.42304
-3.70261,40.4224
-3.70446,40.42186
-3.70418478879,40.4222623288
-3.70219,40.41903
-3.6973901,40.42276
-3.69751,40.42251
-3.69746,40.42262
-3.69695,40.42284
-3.69776,40.42245
-3.69711,40.42219
-3.69769,40.42286
-3.69736,40.41965
-3.69692,40.42195
-3.69741,40.42134
-3.69803,40.42154
-3.6977,40.42251
-3.69722600282,40.4212607827
-3.69765,40.42017
-3.69665,40.42274
-3.69682431221,40.4211048394
-3.69786,40.42226
-3.69727,40.42189
-3.69886066553,40.4196792626
-3.69731,40.42369
-3.6974,40.42148
-3.69702,40.42273
-3.69934241694,40.4208543613
-3.69054,40.42213
-3.69082,40.4221
-3.69092,40.42232
-3.68853907381,40.4222078134
-3.68585457881,40.4213054244
-3.68841,40.42065
-3.69080543518,40.4221217301
-3.68975,40.42178
-3.68793,40.42108
-3.68831,40.42137
-3.69021004092,40.4219875244
-3.68797,40.4217299
-3.6928459628,40.419565198
-3.68981021698,40.4210518788
-3.68807214554,40.4211498931
-3.6867499,40.4232407
-3.68993639946,40.4216479998
-3.68451,40.42296
-3.68211,40.42175
-3.67316,40.42123
-3.67909,40.42087
-3.68184,40.42239
-3.6723,40.42151
-3.67690086365,40.4214193012
-3.67666,40.4203
-3.67524,40.4202
-3.67712,40.4204788
-3.67614,40.42197
-3.67309,40.42154
-3.67889,40.42075
-3.67744,40.42362
-3.67714231999,40.4181801687
-3.67823,40.42339
-3.6815,40.42383
-3.67632,40.41971
-3.67502,40.41945
-3.67735,40.41956
-3.67678821087,40.4225668701
-3.67861,40.4218
-3.6780701,40.41819
-3.67996,40.42348
-3.67525,40.41948
-3.67838,40.42036
-3.6769,40.42333
-3.6756101,40.4236794
-3.67399,40.4179993
-3.67167,40.4239
-3.6733,40.4182599
-3.66518,40.42217
-3.6654401,40.4250107
-3.66532,40.42592
-3.67436,40.4204
-3.66818904877,40.4256337641
-3.67002367973,40.424539336
-3.66775,40.42645
-3.62522543727,40.4194291513
-3.62103173294,40.4186204545
-3.61421,40.42029
-3.61982,40.4185
-3.5715659,40.4182917
-3.72299551421,40.4170472594
-3.73269,40.41581
-3.73229,40.41436
-3.73249,40.41414
-3.73032772264,40.4153772483
-3.72078,40.41366
-3.71743378004,40.4142630316
-3.71213,40.41508
-3.7115,40.4177
-3.71052223499,40.4178785887
-3.70982,40.4178
-3.71052,40.4173584
-3.70919466019,40.4181520941
-3.70648,40.41713
-3.70626,40.41512
-3.70939990194,40.418132671
-3.70657,40.42043
-3.70884,40.41623
-3.71008,40.4174099
-3.70807140991,40.415736811
-3.70814,40.41702
-3.71119,40.41861
-3.71037,40.4173199
-3.71063,40.41765
-3.70774859994,40.4198738806
-3.70898,40.41805
-3.70973,40.41607
-3.70768,40.41474
-3.71144,40.4168
-3.70379,40.41765
-3.70352,40.41746
-3.70277128758,40.4176590642
-3.70333,40.41781
-3.70448,40.41839
-3.70288,40.41577
-3.70319,40.41803
-3.7016,40.41587
-3.70331,40.41724
-3.70150350606,40.416726323
-3.70241,40.41823
-3.70795,40.41454
-3.69702980957,40.4176150946
-3.69473,40.4159999
-3.69744,40.41762
-3.69789,40.41936
-3.70072,40.4164699
-3.70004366897,40.4167176297
-3.69979,40.41651
-3.69885,40.41581
-3.69713544846,40.4169105137
-3.69944,40.41377
-3.69852,40.41491
-3.6979,40.41855
-3.69641,40.4132
-3.6983399,40.4172783
-3.6999,40.4178799
-3.69951,40.41486
-3.69869,40.41478
-3.69109,40.41828
-3.69013,40.41724
-3.68168889,40.413675
-3.67669,40.41813
-3.67392,40.41378
-3.6783464,40.417692
-3.67431,40.4138908
-3.6715901,40.4175797
-3.66986,40.41369
-3.66996,40.41641
-3.67242250455,40.4180947064
-3.67036,40.41783
-3.67167,40.41578
-3.67533,40.41836
-3.6739199,40.4139709
-3.67431,40.42101
-3.67159,40.41758
-3.67342,40.41921
-3.7282705307,40.4113884711
-3.67701,40.41955
-3.67600220497,40.4157057993
-3.67182,40.41652
-3.67722272873,40.4195406765
-3.6735201,40.4182701
-3.67528,40.41702
-3.67356,40.41798
-3.67535,40.4204
-3.62688,40.41831
-3.62564587011,40.4194655061
-3.62612384613,40.4205127976
-3.61586,40.41624
-3.74582145649,40.4143613513
-3.74789,40.40824
-3.74786138535,40.4083005041
-3.7381,40.41474
-3.73856204803,40.4158814221
-3.73084545136,40.4108043824
-3.73121,40.4125
-3.72666,40.4129906
-3.71953,40.41323
-3.7278789216,40.4165885445
-3.71759,40.40969
-3.71802705582,40.4109474721
-3.71319,40.41335
-3.71181,40.41247
-3.71736186798,40.412532257
-3.71453,40.41245
-3.71116671849,40.4115303849
-3.71019,40.41162
-3.7115,40.4095
-3.71185,40.41257
-3.7117,40.4115899
-3.71291,40.40992
-3.71027,40.41182
-3.71065596,40.4117891317
-3.71139,40.41286
-3.71078,40.41353
-3.71237,40.41378
-3.71684,40.40735
-3.71016,40.41198
-3.71237,40.41337
-3.7101091748,40.4123852167
-3.70941,40.41231
-3.71066,40.4124399
-3.70961,40.4127
-3.70924,40.41229
-3.70947,40.41543
-3.71058,40.4087
-3.71000468731,40.4120501598
-3.7091,40.41252
-3.70892,40.41251
-3.71028363705,40.413647172
-3.7038,40.41284
-3.70338,40.41278
-3.7040316518,40.4124767517
-3.69879,40.41142
-3.70216,40.41186
-3.70188,40.41417
-3.70520353317,40.4214029656
-3.70454,40.41376
-3.70445,40.41105
-3.70573,40.41198
-3.70111,40.41435
-3.70485,40.40858
-3.70141,40.41491
-3.70192,40.41508
-3.70123,40.41435
-3.70666,40.41106
-3.69724,40.41287
-3.69703,40.4124
-3.69505,40.41286
-3.69756,40.4116799
-3.6959,40.41301
-3.692897,40.410905
-3.69331598282,40.4095422433
-3.69607,40.41304
-3.69655,40.41313
-3.7001,40.4138
-3.69568870506,40.4126240896
-3.69467,40.4106499
-3.69951,40.4110299
-3.69541,40.41252
-3.69305,40.40909
-3.69599,40.41254
-3.70000261124,40.4145438182
-3.69693,40.41002
-3.69295,40.40846
-3.69816541672,40.4096075974
-3.70088,40.41436
-3.6954564,40.407531
-3.69896,40.4138499
-3.70029198931,40.411751962
-3.70253,40.4158199
-3.6983099,40.4138603
-3.70157255696,40.415797904
-3.6993401,40.4089317
-3.69897,40.41566
-3.70018,40.41478
-3.69915587333,40.41476825
-3.69782,40.41037
-3.69166666667,40.4075
-3.6896883,40.405807
-3.69375,40.4117
-3.69312,40.4097099
-3.66905,40.40829
-3.66563,40.41222
-3.67075,40.41127
-3.66973,40.40907
-3.66793,40.41249
-3.67115106873,40.411519948
-3.67393,40.41547
-3.67909,40.41833
-3.66748,40.4136696
-3.65565854019,40.4109929607
-3.65348,40.41124
-3.65784,40.41091
-3.65197,40.41107
-3.65222,40.4100899
-3.65741,40.4108
-3.6463799,40.4077911
-3.64613312538,40.4079534337
-3.64485,40.4075
-3.63598,40.40793
-3.63824,40.41035
-3.63036,40.40974
-3.60595,40.40794
-3.7585,40.40348
-3.75326,40.40593
-3.74619,40.40584
-3.74267,40.40546
-3.74164,40.4029
-3.73901,40.40397
-3.72179,40.4069
-3.71875,40.4094009
-3.70810031891,40.4152604834
-3.711079848,40.408804914
-3.7107799,40.4081497
-3.71186698449,40.4044593142
-3.7103712,40.4095248
-3.71042031105,40.4089133377
-3.71168,40.40881
-3.71433333,40.40088611
-3.71186,40.40922
-3.70639,40.41
-3.70753,40.41067
-3.70319,40.40742
-3.70417,40.40941
-3.70368773126,40.4074851346
-3.70196339983,40.4080524677
-3.70435595512,40.4093788579
-3.70307,40.40747
-3.701472,40.404778
-3.70098,40.40699
-3.70401,40.4073105
-3.70089,40.40933
-3.69889,40.40706
-3.70566,40.41079
-3.70706,40.40985
-3.69649,40.40749
-3.69917,40.40828
-3.69368,40.40957
-3.69694232941,40.4068299938
-3.67765188217,40.4073365066
-3.68024,40.40747
-3.67784,40.40649
-3.68303,40.40696
-3.674558248,40.407364582
-3.67716,40.40772
-3.6768,40.40522
-3.67162,40.40516
-3.6797,40.40643
-3.67804,40.40372
-3.67782,40.40399
-3.68132,40.40693
-3.67818,40.40684
-3.67922,40.40339
-3.66944,40.4063299
-3.67094,40.4059
-3.66507,40.41001
-3.67104,40.40355
-3.67643,40.4061
-3.663,40.4031499
-3.65877,40.40632
-3.65751,40.40698
-3.6518,40.40591
-3.65463,40.40604
-3.65462779999,40.4060457086
-3.6500001,40.4070396
-3.64878,40.40754
-3.6435305,40.402497475
-3.65004,40.40731
-3.64840175,40.4030035989
-3.63492,40.40632
-3.62819,40.4067497
-3.60592,40.40597
-3.60576,40.40233
-3.60778,40.40274
-3.76222,40.3985
-3.76090764999,40.4024223554
-3.754793818,40.400548592
-3.75345,40.40225
-3.75956,40.39855
-3.74882698059,40.4021568257
-3.73973,40.398
-3.74083,40.40159
-3.73536,40.39846
-3.71052,40.40486
-3.71098,40.40229
-3.70755,40.4050102
-3.70715,40.40532
-3.70730348748,40.403702909
-3.70799,40.40433
-3.71077,40.40198
-3.7093301,40.4013405
-3.70269,40.4027699
-3.70094,40.40403
-3.7042,40.40326
-3.70159,40.4035
-3.69997,40.4043808
-3.69868,40.40316
-3.70299339294,40.3986599073
-3.70177,40.40592
-3.69963,40.40699
-3.7035410462,40.4012826338
-3.70108,40.4072699
-3.70146,40.40621
-3.7065502,40.4036855
-3.70151,40.40547
-3.70159,40.40414
-3.69664,40.40455
-3.69564,40.40443
-3.69738,40.40278
-3.69444,40.4040899
-3.69555392197,40.4028779209
-3.70147,40.41674
-3.69904,40.40702
-3.69638013944,40.4017058319
-3.69527,40.4051
-3.69209,40.40572
-3.69422,40.40014
-3.69477510452,40.4041421448
-3.69006,40.40385
-3.69089,40.4037999
-3.69106,40.4019
-3.6912,40.4018299
-3.68088,40.40282
-3.68009,40.40247
-3.68103,40.40235
-3.68104813875,40.4021388063
-3.71358,40.40357
-3.67351,40.40037
-3.67853,40.40202
-3.67331,40.40184
-3.66900469241,40.397944352
-3.66925,40.39962
-3.67073407171,40.4036939856
-3.67119,40.39949
-3.67348,40.40555
-3.65962,40.40179
-3.70923164832,40.416295049
-3.659875,40.403152
-3.67654681206,40.4048324993
-3.66957,40.40029
-3.66079,40.40091
-3.65994,40.4011799
-3.65346044891,40.397661886
-3.6428,40.40148
-3.64216,40.39846
-3.62317,40.39816
-3.61908836231,40.3977810753
-3.62079,40.39763
-3.60843,40.40169
-3.60754418166,40.3986904298
-3.60349,40.40049
-3.77984,40.393959
-3.77425646828,40.3956448952
-3.75483512878,40.3966172308
-3.74195,40.39586
-3.72165,40.39475
-3.71646,40.3936599
-3.70922,40.3990099
-3.70982,40.39723
-3.71348,40.39683
-3.71066,40.3952
-3.7099299,40.4006805
-3.70853,40.3929
-3.70847,40.39563
-3.7038,40.39856
-3.7015,40.39555
-3.7002,40.39904
-3.698,40.39628
-3.7034,40.39734
-3.70068,40.4023209
-3.69175,40.39718
-3.69811680952,40.3938343518
-3.69629859924,40.3974915039
-3.69819,40.39408
-3.69697,40.39778
-3.69664,40.39349
-3.69631,40.39689
-3.69559,40.3958
-3.6915,40.39193
-3.69217,40.40251
-3.69302,40.3962
-3.68366003037,40.3967643056
-3.69555,40.4202299
-3.67553,40.39652
-3.6796701,40.3945084
-3.66984,40.39509
-3.6691,40.3968811
-3.66527,40.39584
-3.67602,40.39444
-3.664868718,40.396408595
-3.67128,40.39459
-3.6649,40.39716
-3.66689,40.39319
-3.6977910961,40.4102041501
-3.65741729736,40.3931608809
-3.65829199264,40.3925637407
-3.66308,40.3959
-3.66348,40.39515
-3.64712,40.39709
-3.65072250366,40.3945418079
-3.62111,40.3967699
-3.62171,40.39694
-3.7712729115,40.3975138563
-3.76024,40.3924499
-3.76045,40.38953
-3.76031,40.39112
-3.7553,40.39211
-3.76049,40.3891
-3.760133416,40.3911055654
-3.75182,40.39001
-3.74252,40.3879
-3.74207317829,40.3881435467
-3.74323,40.38842
-3.73688,40.38911
-3.73315,40.39212
-3.73410701752,40.3916818685
-3.73247,40.3907814
-3.73878,40.38796
-3.7242,40.39174
-3.72215,40.39411
-3.71991,40.3910399
-3.71409235443,40.3969293355
-3.71041,40.39509
-3.7155399,40.3975906
-3.70939,40.39264
-3.70697110891,40.395287415
-3.700955,40.389145
-3.697192,40.392453
-3.69285,40.3919799
-3.69779,40.39328
-3.6977,40.39353
-3.69427,40.39099
-3.702933,40.39094
-3.69266,40.3896299
-3.69414,40.3929596
-3.68848899077,40.3922867031
-3.691,40.3882199
-3.6946,40.39335
-3.69203,40.3900999
-3.66968,40.39196
-3.66596,40.3925399
-3.67033,40.39214
-3.6614,40.39187
-3.77145220823,40.2330713575
-3.65037,40.39061
-3.65018,40.38805
-3.64797,40.3896904
-3.64387,40.39152
-3.636273815,40.391905445
-3.77258774648,40.3830722695
-3.76527,40.38696
-3.76316070557,40.3857818383
-3.76589,40.38756
-3.75789,40.38679
-3.75194,40.38734
-3.74272227287,40.3862639931
-3.74339002426,40.3848013042
-3.74306291342,40.3867011983
-3.74482,40.38557
-3.74004,40.38651
-3.74029,40.38594
-3.74366,40.38331
-3.73786,40.3859
-3.73696088791,40.3867992626
-3.73263,40.38702
-3.72994,40.38411
-3.72974,40.3836299
-3.71887,40.3867
-3.721,40.38638
-3.72347730453,40.3851772273
-3.71902,40.38558
-3.71542,40.38658
-3.70652,40.38709
-3.70531,40.38627
-3.70650428589,40.3863376723
-3.70649,40.38619
-3.71038,40.38557
-3.71009,40.38514
-3.70637,40.38636
-3.71141,40.38792
-3.684154,40.368896
-3.70069,40.3868217
-3.703,40.38623
-3.70042,40.38713
-3.6975646019,40.3834935988
-3.7004,40.38806
-3.7028799,40.3863106
-3.68954,40.39246
-3.68923,40.3855
-3.68838,40.3910399
-3.6886401,40.3908005
-3.68874281645,40.3902538961
-3.6794,40.39221
-3.66535,40.38695
-3.67393,40.38311
-3.66611,40.3897514
-3.6540999,40.3853111
-3.64963,40.38692
-3.65168,40.38439
-3.65108,40.38657
-3.64031,40.38725
-3.64072807376,40.3872563693
-3.6304582959,40.3831831766
-3.63765478134,40.3857001168
-3.61574,40.38313
-3.77273240618,40.381294746
-3.77628207207,40.3814177715
-3.76835,40.3777199
-3.75653,40.37914
-3.74898,40.37995
-3.74093,40.38077
-3.7138,40.38065
-3.71059,40.38282
-3.71018075523,40.3831661314
-3.70271,40.38339
-3.69533,40.38045
-3.67149353027,40.382235034
-3.67039,40.38127
-3.6679315567,40.3814341168
-3.66407255256,40.381540388
-5.83139,43.3675
-3.62332,40.381
-3.62848,40.37825
-3.62664,40.37853
-3.62365961105,40.3780279516
-3.76927614212,40.3773394835
-3.63153,40.3772
-3.62732,40.37432
-3.61942,40.37679
-3.62269903557,40.3745843987
-58.1696,-18.2015
-3.62144,40.3752
-3.61766,40.37936
-3.61724853516,40.3789495786
-3.6093418208,40.379014613
-3.75901,40.37234
-3.74622523785,40.3728931328
-3.74733,40.36841
-3.68617073297,40.3685994739
-3.62346,40.37018
-3.61869949158,40.3720513661
-3.61772,40.3706
-3.60733,40.37159
-3.6103599,40.3715897
-3.6113999,40.3685799
-3.60797,40.3682709
-3.598390995,40.3709649647
-3.59784964179,40.3681955223
-3.597849055,40.3685572614
-3.59523,40.36816
-3.55511,40.3710709
-3.76052,40.36723
-3.75401,40.37023
-3.7537301,40.3654099
-3.73880211902,40.3638484832
-3.7386,40.36457
-3.73889891,40.36329799
-3.7389191,40.3633831
-3.61802,40.36572
-3.60961,40.36911
-3.61216703539,40.3706453973
-3.61128330231,40.3671140731
-3.55053550804,40.3645020794
-3.55027914047,40.3650050425
-3.5505978,40.364628
-3.75248,40.36238
-3.79704981935,40.3951666869
-3.69828,40.36256
-3.68619203567,40.3580071658
-3.67111,40.35926
-3.65982055664,40.3645636091
-3.65451483667,40.366188324
-3.60213,40.36276
-3.69916667,40.35666667
-3.7073295,40.3509723
-3.704606297,40.350383196
-3.69891330167,40.3538765533
-3.70444,40.34803
-3.7009799,40.3524895
-3.79775705652,40.3483085733
-3.7051599,40.3474503
-3.71141,40.34615
-3.70878,40.3436499
-3.70719,40.3454895
-3.67683649063,40.3468875503
-3.68749,40.46343
-3.6206,40.3663788
-3.677802,40.426088
-3.70984,40.399667
-3.703819,40.412818
-3.6211189,40.4181354
-3.5812559,40.4709524
-3.6579037,40.4279686
-3.6417777,40.4763951
-3.779436,40.3785256
-3.6945827,40.4545529
-3.6236206,40.3818051
-3.7501348,40.362006
-3.6273819,40.4037831
-3.70448,40.42724