lon,lat
2.078361,41.467869
2.1008,41.46684
2.17901,41.45835
2.20187955899,41.457272374
2.201762,41.4574937
2.1859099,41.45068
2.19213,41.45008
2.19958305359,41.4499642469
2.2048412,41.4531689
2.230275,41.450225
2.17708,41.44577
2.17670917511,41.4461845715
2.17404,41.4442
2.17727,41.44517
2.17885,41.44806
2.1822499,41.44868
2.17529296875,41.4462489082
2.17749,41.44428
2.19344,41.44639
2.20275,41.44656
2.20004,41.44634
2.21926988268,41.4524574751
2.14555555556,41.4402777778
2.17477798462,41.4038411876
2.16655,41.4403099
2.17019,41.44317
2.16935,41.44385
2.178675,41.4438833333
2.17656,41.44177
2.17384,41.4409599
2.17742264271,41.4405629022
2.17631,41.44197
2.17604970352,41.4401462949
2.18439,41.44292
2.17793,41.43924
2.18165898378,41.4417816595
2.1873999,41.43977
2.18788100763,41.4394615068
2.19816943586,41.4409561097
2.19305992126,41.4396540602
2.19114,41.44003
2.19984105372,41.4406479455
2.20153733434,41.4429872014
2.20003,41.44217
2.2016101,41.4392891
2.20676,41.4421
2.20467,41.44086
2.2058,41.44216
2.18333,41.3833
2.22390209401,41.4420628329
2.2254999,41.44361
2.21845048359,41.4452999473
2.15385,41.4353
2.15892189796,41.4373083886
2.1533776275,41.4367360842
2.16096,41.4365
2.1700499,41.43945
2.16657,41.43779
2.17144,41.43486
2.17191451843,41.4344771215
2.1798601,41.4389114
2.18106788999,41.4351705616
2.17385377,41.44096504
2.17582,41.44086
2.19125,41.4359611111
2.18962,41.4352684
2.18676,41.4377
2.18842083271,41.4347867973
2.18701,41.43842
2.18913,41.43533
2.18810319901,41.4354273753
2.18981,41.43586
2.19276,41.43789
2.19082,41.43578
2.18986809254,41.437619173
2.19050645828,41.4378926398
2.18937,41.43598
2.2033821946,41.4373003454
2.16,41.3686111111
2.14618574,41.4259105
2.14145,41.4323
2.14392,41.434
2.14385,41.43418
2.14286,41.43226
2.14823,41.4341
2.14882,41.4316699
2.155095,41.43358
2.16091667105,41.4336407771
2.16289066444,41.4304471922
2.16314822024,41.4306477856
2.16273063477,41.4306000157
2.16039,41.43018
2.16084,41.4328999
2.16115,41.43088
2.1697199,41.4317017
2.16292568168,41.3794539948
2.16268,41.42997
2.1659099,41.42955
2.16344,41.42993
2.1678,41.43801
2.17248908645,41.4304562613
2.171460885,41.4305245717
2.17262,41.43455
2.17187,41.4303703
2.1772,41.43082
2.1732999,41.43187
2.17991631386,41.4085862292
2.17519000679,41.4294713807
2.1747401,41.4374313
2.17333,41.4328
2.17315,41.42953
2.16499,41.3858
2.19955,41.4184399
2.186235,41.430064
2.18939179237,41.4312535897
2.19206,41.43266
2.19307178314,41.4312596226
2.18943,41.43376
2.1895699,41.43495
2.20125135826,41.3880036028
2.19524651,41.43418822
2.2117,41.41772
2.20535,41.43494
2.21479,41.43165
2.20736,41.43147
2.21945431877,41.431785298
2.15306546544,41.3689532027
2.13513493538,41.4271461359
2.14437,41.42808
2.15713018234,41.4252464941
2.15438,41.42895
2.15582,41.42915
2.15667,41.42602
2.15872,41.42946
2.15359,41.40036
2.1588599,41.42983
2.15697348118,41.4246603513
2.13053504718,41.3752478612
2.1653699,41.42763
2.1595399,41.43003
2.16017,41.43047
2.15541,41.38832
2.15506,41.43352
2.16148,41.43014
2.16940102531,41.4282051411
2.17217,41.42854
2.17607,41.4295502
2.17355,41.42882
2.17928409576,41.4283930146
2.1731601,41.4263992
2.17625,41.4251
2.17693,41.4287682
2.182516,41.4295113
2.18318,41.4255799
2.18099,41.43033
2.186,41.43003
2.1825199,41.42619
2.18409061432,41.4319907288
2.1870628909,41.4300954685
2.19086507303,41.4262999518
2.18931555748,41.4250384541
2.18592,41.43027
2.18638,41.42444
2.1911299,41.42602
2.203,41.39961
2.19327449799,41.4261888385
2.19046,41.42495
2.19293117523,41.4290687324
2.20086,41.42586
2.21595078815,41.4092363245
2.22009,41.42993
2.14550971985,41.4245396797
2.1484899,41.42378
2.1546292305,41.4232283675
2.15805286224,41.4241805637
2.15542,41.42227
2.1568608284,41.4248534254
2.15557,41.42389
2.16183112752,41.4192095974
2.1270001,41.3687897
2.1636,41.4211006
2.16089,41.42039
2.17265,41.41967
2.1787899,41.42185
2.17411661203,41.4214834806
2.17456,41.42101
2.17506,41.42564
2.1742499,41.42958
2.1763,41.42577
2.17836558,41.42192345
2.17972,41.4226699
2.1809599,41.42068
2.70589722222,42.2588166667
2.178801,41.420949
2.17746,41.4213
2.18438,41.42306
2.18221,41.42138
2.17873,41.42279
2.18607,41.41944
2.18864077385,41.4216785754
2.19118,41.42407
2.15613,41.37997
2.20483,41.42301
2.15785,41.40818
2.19888,41.42207
2.20225,41.42727
2.19787,41.42242
2.20676177795,41.4238909495
2.20788,41.42223
2.20897,41.4227599
2.21171,41.42263
2.0285573,41.3162307
2.1500001,41.4003983
2.2042,41.42402
2.21473,41.42065
2.22234,41.42354
2.2211844,41.4239573
2.225,41.4114
2.1345,41.41758
2.1576,41.41822
2.17190265656,41.4186908619
2.1758099,41.41921
2.18159,41.41744
2.18138,41.41829
2.17446,41.41619
2.17239,41.41931
2.17844,41.41791
2.17458,41.41661
2.17489,41.41601
2.18651,41.41557
2.1925,41.40493
2.18673935715,41.4211640718
2.19394,41.41696
2.19521,41.41519
2.1978613,41.4173801
2.20532411392,41.4177122034
2.20067968336,41.4144315292
2.2016982,41.4162325
2.1988699,41.4179916
2.2102599,41.4156303
2.2065482,41.4174599
2.20443,41.41856
2.2025214,41.4168453
2.2041841,41.4191632
2.2051,41.42076
2.21641,41.41693
2.2057103,41.4182641
2.22629785538,41.4143783287
2.12959,41.41096
2.18103427646,41.3850442779
2.1370664,41.4100533
2.14057,41.4120599
2.13946,41.41266
2.14548,41.41311
2.161880386,41.412021561
2.1530975231,41.4139616193
2.14547866638,41.4110178985
2.14465141296,41.4120288432
2.15657,41.41237
2.15718698528,41.4111405217
2.15748,41.4113083
2.162244,41.412639
2.1646645,41.4148712
2.1716,41.41117
2.17088,41.41794
2.164103,41.4121727
2.17429296076,41.4116055496
2.180556,41.391111
2.17326,41.41186
2.17372,41.41012
2.1708599,41.41036
2.17357748802,41.4114242432
2.17405,41.41102
2.179134,41.409886
2.1796392804,41.4099557579
2.17904806137,41.410162068
2.18623,41.41258
2.1884766,41.4109964
2.1886899,41.41354
2.1783,41.41064
2.17972222222,41.3913888889
2.1886,41.4118
2.18163,41.41126
2.15027778,41.38777778
2.18612,41.40994
2.19388889,41.41361111
2.19461673553,41.414751346
2.11444,41.38126
2.19211,41.41077
2.19274,41.41418
2.19788,41.41247
2.19607,41.41631
2.19987,41.41445
2.20039844513,41.4103149525
2.20422977264,41.4154593894
2.21589,41.41031
2.21172,41.41131
2.21486,41.4113083
2.21555,41.41256
2.21316,41.4151611
2.21513986588,41.4099045776
2.21572979566,41.4130532917
2.17837,41.37309
2.2155001,41.4123497
2.221121,41.41092
2.22207,41.41007
2.22501318203,41.4135057688
2.2184701,41.4142685
2.12660551071,41.4089711662
2.1317499,41.40579
2.13326,41.40721
2.1352501,41.4093704
2.1344,41.4058599
2.1464,41.41064
2.14972222,41.40694444
2.14682,41.40519
2.14783901031,41.407807284
2.1479,41.4096199
2.14756,41.40993
2.14841,41.40749
2.150417,41.411902
2.15302,41.40767
2.14128,41.41085
2.16321229935,41.4070721155
2.15939,41.4080391
2.15756,41.40493
2.15678,41.40507
2.16021,41.40833
2.1572914,41.4067097
2.16202,41.40639
2.15869659437,41.4063958477
2.16025,41.40942
2.15589,41.4090195
2.15705,41.40539
2.16029,41.4055
2.16066,41.40458
2.16274021667,41.4091980333
2.15888,41.40571
2.17023,41.40824
2.16858,41.40796
2.16800708323,41.407248665
2.16818,41.40741
2.16885,41.40813
2.17205,41.4095116
2.1694399,41.4062
2.16394,41.4052999
2.16074,41.3748099
2.1643552,41.405231
2.17078685761,41.4085366426
2.1726899,41.4098282
2.16831,41.40779
2.17427,41.40551
2.1733546325,41.40494409
2.17455,41.40683
2.1736,41.405
2.17443579491,41.4090464873
2.177173,41.411753
2.17437135707,41.4057511603
2.17384913151,41.4050841442
2.17676150765,41.406063413
2.17363,41.40717
2.17959,41.40903
2.17918,41.40909
2.18063708489,41.4081991761
2.17939,41.40893
2.17842578888,41.4058650628
2.18016,41.40612
2.17951,41.41225
2.1791,41.41092
2.18624,41.40978
2.18650223809,41.4100131351
2.18772,41.40668
2.18872,41.40917
2.19613675226,41.4056861177
2.1962984,41.4084015
2.1955,41.40923
2.19276,41.40864
2.19217,41.40636
2.16431,41.3952699
2.19309829941,41.4044233762
2.20442,41.40629
2.20001220703,41.4096309929
2.19791064042,41.4061542043
2.1983799,41.40437
2.20737271667,41.40683691
2.21027433872,41.4046257988
2.218847,41.411149
2.10912,41.4011
2.1220801,41.4000282
2.1322,41.40172
2.1341,41.40317
2.13334,41.40511
2.13599,41.40332
2.1335,41.40337
2.13524,41.40435
2.14024679333,41.4039936917
2.13454,41.40399
2.13798993881,41.404998872
2.1423,41.4039
2.13746,41.40014
2.13912,41.40527
2.13945,41.40434
2.1405599,41.4056799
2.14565,41.40428
2.1398799,41.40419
2.14805,41.40383
2.14625,41.40487
2.14644535178,41.402196604
2.14925,41.39992
2.1500835937,41.4003768965
2.15299,41.40594
2.1464599,41.40073
2.14898,41.401532
2.15081,41.40539
2.15346814833,41.4046699989
2.15685,41.40446
2.15815901756,41.4030807092
2.15432893064,41.4033836085
2.15357,41.40296
2.157,41.4022
2.15856,41.40326
2.15387,41.40303
2.15577,41.40479
2.15141,41.40007
2.15828681781,41.402732225
2.15607875641,41.4046608887
2.1568018198,41.4011090572
2.15668911231,41.4016284131
2.15297,41.40372
2.16065,41.40505
2.18919722,41.38646944
2.15833,41.40391
2.1622,41.40407
2.1593101,41.3996696
2.16480130013,41.4013614359
2.16148,41.40322
2.1596999,41.4038315
2.15936,41.4003
2.16374874115,41.4041751514
2.15788,41.40296
2.16287,41.40265
2.15955,41.40244
2.15362455857,41.3996711514
2.15945,41.40141
2.15393,41.40501
2.17083,41.40373
2.1678801,41.4039917
2.16396,41.39989
2.17036306858,41.4021029382
2.17177554499,41.402490237
2.16445,41.39998
2.16479,41.40459
2.16463,41.39959
2.16323489006,41.4028904715
2.1616001,41.4037895
2.16548,41.40066
2.16374874115,41.4012458676
2.1603,41.40063
2.16005,41.40276
2.1616499,41.4018898
2.17253376498,41.4046321219
2.16631,41.40218
2.16058,41.40121
2.162680175,41.4053876
2.17301,41.40498
2.17387,41.40416
2.17361927032,41.4046740822
2.17284,41.4051
2.1745199,41.39961
2.18111,41.4
2.17883348465,41.4059616279
2.17778,41.40355
2.12957868398,41.3552210537
2.18089,41.40088
2.180479225,41.4048601783
2.18743,41.4024
2.18566,41.40379
2.18829916075,41.4026609799
2.18846,41.40492
2.18697222222,41.4033166667
2.19014501,41.40221701
2.16990265412,41.3857423873
2.19851,41.40393
2.19815,41.40354
2.20239,41.4018288
2.17746,41.383
2.19975,41.4051
2.19741,41.39972
2.19851,41.40328
2.19842433929,41.40363598
2.19911,41.40257
2.20036,41.40187
2.2014,41.40083
2.1976299,41.4036293
2.20464,41.40254
2.20379,41.40439
2.20221,41.40193
2.20221,41.40368
2.20239,41.40309
2.19789,41.4003296
2.19858,41.40424
2.19682,41.40464
2.20476,41.40049
2.2051,41.39959
2.20989346504,41.4014390113
2.20532,41.40135
2.20664,41.40083
2.20294,41.40006
2.20923900604,41.4046861531
2.20729,41.40134
2.20583,41.4003299
2.20799,41.4052999
2.20399,41.40333
2.21293811988,41.3998102505
2.13832,41.37647
2.12306,41.39758
2.12238,41.39816
2.12939,41.39625
2.13504654162,41.3895187849
2.12334197,41.400485415
2.12550471924,41.3953543548
2.1236799,41.39879
2.14077943619,41.4004279018
2.1426,41.39638
2.16047,41.38702
2.14184,41.40359
2.14331,41.3975
2.14271,41.39637
2.14345,41.3973885
2.14345,41.39739
2.1487599,41.39547
2.15448,41.378521
2.15004,41.39552
2.14593,41.39563
2.14423,41.39539
2.14844,41.39504
2.14536,41.39608
2.15156,41.39609
2.15008,41.39524
2.15707050868,41.3874582727
2.14531,41.39964
2.15658,41.3990099
2.15239,41.3955
2.15473115444,41.3985176521
2.15344,41.40029
2.15357,41.39834
2.15429,41.39957
2.15891303167,41.3993329767
2.16132,41.39929
2.1594901,41.4002991
2.16123,41.39864
2.16389894485,41.3979060011
2.15923839863,41.3991120788
2.15879,41.3994799
2.16326,41.3962
2.16269,41.39919
2.15831,41.39989
2.16149924684,41.3983691119
2.15968,41.39925
2.1586599,41.39896
2.15983384903,41.4004279018
2.1582301,41.3993988
2.16031,41.39859
2.16314,41.3956
2.15806245804,41.4028875704
2.1588299,41.4008408
2.16146,41.3999
2.15681,41.40006
2.1582516885,41.3978054025
2.15818935766,41.3993048294
2.16782,41.39938
2.16587,41.39962
2.19946,41.3885
2.16865673483,41.3960376649
2.16809,41.39477
2.16773,41.3955399
2.16134,41.39621
2.16495,41.39722
2.16822,41.39822
2.17064,41.39907
2.16577,41.40014
2.169554,41.396087
2.1660499,41.39681
2.16676,41.39799
2.168369,41.396915
2.16387,41.3964
2.1666,41.3964
2.17145204544,41.3976887026
2.16337,41.3997
2.17143,41.39983
2.166,41.39685
2.16874,41.39608
2.16410392578,41.3985242135
2.17099345894,41.4000834264
2.16926,41.3972893
2.16712,41.39543
2.16898,41.39828
2.16943,41.3998
2.1607,41.3970399
2.1732999,41.39974
2.17848,41.39909
2.17672,41.39899
2.17866182327,41.3989924825
2.17408,41.39725
2.17308,41.39814
2.17489,41.39866
2.17633479889,41.3970155596
2.17916,41.39935
2.18561524208,41.3985084814
2.1807301,41.3984604
2.1808901,41.4008789
2.18361,41.39886
2.1885,41.3989199
2.18758,41.39539
2.18993,41.39599
2.18629115875,41.4006049524
2.1898399,41.39846
2.19099998474,41.3968999835
2.19202,41.39676
2.1942,41.39866
2.19231495294,41.3972168177
2.1923,41.39634
2.19127,41.39687
2.18995,41.39785
2.20361977816,41.398662516
2.20232,41.39759
2.20007,41.39842
2.2048899,41.39833
2.18474620636,41.3814646
2.2041399,41.3987389
2.1979099,41.39859
2.20446,41.39878
2.2083099,41.3967285
2.2097125,41.399548
2.20400333405,41.3947430295
2.20699,41.4001503
2.20642,41.40007
2.0937,41.39367
2.11586,41.3925
2.12637,41.39416
2.12589204311,41.3944774294
2.1249699,41.39328
2.1252399,41.39602
2.1276,41.39425
2.12392267,41.38996145
2.12785720123,41.3940080476
2.16484,41.38776
2.13558,41.3930999
2.13886,41.39318
2.1388199,41.3944893
2.13211525605,41.3940459806
2.1355105749,41.3912826436
2.1551999,41.3833
2.135834,41.390064
2.14444444,41.39277778
2.13802,41.39069
2.11929,41.37944
2.14367,41.39152
2.14202,41.39085
2.1437399,41.3948212
2.14084,41.39252
2.1423199,41.39314
2.1417501,41.3908882
2.1412396431,41.3929562446
2.155556,41.364722
2.15157264526,41.3943435062
2.14966579433,41.3918448697
2.14772,41.39215
2.15027332306,41.3919340529
2.14696,41.39221
2.14853,41.39336
2.14881,41.39108
2.15196,41.39383
2.14738,41.39483
2.14728,41.39269
2.15341,41.39388
2.15772,41.39289
2.15261,41.39559
2.15454,41.39188
2.1511999,41.39222
2.1596099,41.3949
2.15846,41.3945099
2.16125,41.39249
2.16037029083,41.3964682805
2.16572,41.3926
2.16252,41.39269
2.15946,41.39333
2.16921,41.39298
2.17131,41.39114
2.16464767285,41.3926422341
2.16567993164,41.3953869038
2.17273,41.39479
2.17628,41.39275
2.17164,41.39542
2.17297,41.38948
2.17284,41.3951
2.17057,41.39146
2.17292,41.39359
2.17265,41.39354
2.17412465866,41.3941825356
2.17598,41.39102
2.17754,41.3937
2.17236,41.39401
2.17654,41.39256
2.17169,41.39401
2.17560523804,41.3942469239
2.176549,41.390834
2.1701,41.39375
2.17834,41.39434
2.17838,41.39525
2.17836,41.39668
2.17557191849,41.3949844831
2.1737076528,41.3927487547
2.16939,41.39399
2.17531,41.39294
2.17708,41.39635
2.17937804635,41.3961332191
2.17545106826,41.396697201
2.181,41.38971
2.17839,41.39457
2.18071,41.3936
2.1561,41.4031499
2.18751,41.39352
2.18766,41.3945084
2.18833,41.39435
2.18466997147,41.3963044138
2.18834,41.39259
2.18754,41.39277
2.18511,41.39275
2.1908,41.3909416
2.18886,41.3936
2.19031333923,41.3940830516
2.19103,41.3968
2.19181,41.39575
2.1976518631,41.385116347
2.19855,41.39227
2.11610167,41.3894
2.19035,41.39186
2.1981799,41.3945099
2.19183,41.39457
2.19506,41.3987694
2.18796,41.39195
2.20386736177,41.3928331489
2.19857,41.3903084
2.1999199,41.3913193
2.20360323118,41.3928517739
2.11067119132,41.3899239399
2.11105,41.3872
2.11834430695,41.386291587
2.11257,41.38705
2.12118987108,41.3846684353
2.13272,41.38893
2.13107700255,41.3885071749
2.13096,41.38727
2.12593,41.39037
2.12977,41.3852199
2.128688468,41.388095478
2.1357357502,41.38824759
2.13558106246,41.3872879917
2.13651895523,41.388432723
2.13699102402,41.3893020363
2.13811,41.38661
2.14348733425,41.388497117
2.14045107365,41.3898654739
2.1429,41.38516
2.14434,41.38788
2.13845,41.38995
2.13951,41.39024
2.1445326,41.3897189
2.14118176754,41.3906048615
2.14675,41.38991
2.1473399,41.38981
2.14668,41.38951
2.1464599,41.38995
2.15055112932,41.3882822304
2.1492481,41.3853459
2.1521685,41.3886757
2.15095037277,41.3884517232
2.14519971664,41.3870390647
2.15013,41.38868
2.149744,41.392643
2.1535,41.39028
2.15341,41.38988
2.1581099,41.388649
2.15496295746,41.3913493881
2.15603,41.38538
2.15252,41.38512
2.15942116489,41.3900879611
2.16261,41.3894499
2.1585582355,41.3906796505
2.1591899,41.3900604
2.16207,41.38789
2.1611699,41.39028
2.16265,41.38745
2.16040693842,41.3893175865
2.15751,41.39015
2.16223,41.38998
2.15761,41.38852
2.1591,41.38527
2.16057612894,41.3903552641
2.15901642378,41.3903360704
2.15822,41.38873
2.16337,41.38887
2.1569,41.39114
2.15804100037,41.3906059844
2.161026,41.3877444
2.16841,41.38763
2.15992927551,41.3920386874
2.15775,41.38946
2.16121,41.39123
2.16221,41.38974
2.17098596647,41.3840543229
2.169041345,41.3888622285
2.16992855072,41.3877243851
2.16775958585,41.3867745999
2.16818,41.3899199
2.16547,41.3860699
2.1723606,41.3886473
2.17572861965,41.3874254359
2.17273,41.3893
2.1717305672,41.3901295076
2.17538087,41.38753637
2.1795777,41.3902886
2.17964,41.38948
2.17954700719,41.389998543
2.17993506044,41.386662048
2.1828465,41.3857733
2.17974809914,41.3894237027
2.18055,41.38739
2.17698,41.38966
2.18359454088,41.3857238331
2.1803266,41.3850473
2.1771818,41.3890637
2.17589,41.38715
2.1786699,41.3868713
2.17904,41.38924
2.17615127563,41.3875312006
2.17908,41.39117
2.1851799,41.3905106
2.19554901123,41.3884488215
2.19657920924,41.3893627036
2.1987476,41.3877918
2.19940222373,41.3882051696
2.20124715622,41.3879607172
2.19976967857,41.3879976799
2.19962749,41.3883696562
2.19743971713,41.38570135
2.11830859359,41.3799734377
2.12643,41.38413
2.1331286,41.3849982
2.13086150845,41.3838029935
2.13146,41.38313
2.14,41.3788888889
2.13563,41.38668
2.13117,41.38547
2.1327,41.3797112
2.1326,41.38299
2.1361856,41.3876383
2.13116639908,41.3803375743
2.13333,41.3798699
2.13010311127,41.383892787
2.12976,41.38626
2.13547,41.38818
2.130297,41.383898
2.12974,41.38696
2.13068,41.38691
2.13187873363,41.3844884704
2.13487,41.38705
2.13957,41.3847499
2.1429999,41.38432
2.1400964,41.3821791
2.1395199,41.3822098
2.14626,41.38447
2.13833,41.38517
2.14589,41.38284
2.13799,41.37965
2.14002841766,41.3860530029
2.14789,41.38324
2.1469,41.38255
2.1501601,41.3849411
2.14729,41.38416
2.14798,41.38468
2.13799176326,41.376564851
2.1500507,41.3849759
2.1492,41.3819389
2.14750528336,41.3821057039
2.1498599,41.3843918
2.15139,41.38583
2.14676,41.38094
2.14577907379,41.3864715779
2.14963,41.38251
2.1545899,41.3845482
2.15153932571,41.3803346723
2.15483,41.3852199
2.1545899,41.38455
2.15793371201,41.3829429021
2.15597,41.3842799
2.15334,41.387
2.1545899,41.38089
2.15785,41.38248
2.14995,41.3802499
2.15753,41.38694
2.1530999,41.38273
2.15852,41.38177
2.1533699,41.38624
2.1522999,41.379921
2.1600151062,41.3845528683
2.15891,41.38541
2.16292,41.38384
2.16079,41.38468
2.15896,41.38538
2.15873,41.38426
2.16263,41.38406
2.16256,41.38167
2.1591,41.38698
2.1633,41.38153
2.16261148453,41.3859374073
2.15922117233,41.3836029931
2.16124,41.38445
2.16184736045,41.3848098543
2.16039,41.38318
2.16163,41.38677
2.15828,41.38589
2.16608,41.3850399
2.16297,41.38367
2.1618,41.38323
2.16166,41.3850399
2.16143,41.38604
2.16183,41.37986
2.16064,41.3823999
2.16318,41.38358
2.16641383333,41.384905
2.16681,41.38563
2.16627,41.38468
2.1673901,41.3831406
2.1668,41.38389
2.16963,41.38383
2.16763441027,41.3861628673
2.16820617534,41.3823759962
2.17594816575,41.3805430787
2.16977,41.38283
2.1671,41.3848686
2.16651,41.38263
2.17159,41.38469
2.17936,41.38503
2.17948,41.38462
2.17907,41.38417
2.17982053757,41.3837156908
2.18342,41.3817499
2.18276,41.38444
2.18248,41.38274
2.18453,41.38279
2.17691415604,41.3831229023
2.18287,41.38125
2.17759,41.3841
2.18005,41.38439
2.18545,41.38547
2.18354,41.38459
2.18425,41.38409
2.18364,41.38512
2.18443,41.38488
2.1853351593,41.3855671265
2.18323021554,41.3831490449
2.19275,41.3847694
2.09949738889,41.3759925778
2.12654,41.38015
2.12504,41.37619
2.1322199,41.37824
2.13565277778,41.3754166667
2.13318,41.37981
2.13252,41.37824
2.13832,41.37666
2.13422298431,41.3799643596
2.13627,41.37703
2.13183,41.37557
2.12973,41.3784485
2.14316570917,41.3799257821
2.14512,41.37661
2.14831,41.37494
2.14911029667,41.3762481233
2.15023,41.37608
2.147327,41.37522
2.14869,41.37607
2.14453,41.37512
2.14601,41.37746
2.1524,41.37998
2.15653,41.42239
2.15133,41.3755499
2.15285,41.37818
2.15242,41.37668
2.15170799496,41.3764254789
2.15753787811,41.3759902924
2.15209,41.37838
2.16004,41.37977
2.15936178024,41.3798062555
2.16096,41.38058
2.16038,41.37723
2.16303,41.37718
2.16055,41.3788
2.1644199,41.38295
2.1640799,41.37979
2.16028,41.38103
2.15926408768,41.3757619676
2.16051,41.3798699
2.16108798981,41.3805761794
2.15954303741,41.3760356949
2.16287,41.38165
2.15874910355,41.3803507728
2.16165,41.38164
2.159614035,41.38140062
2.1633,41.3789
2.1612201,41.3782997
2.16178649719,41.3823808461
2.16033,41.3775199
2.16156542301,41.3817354013
2.16626,41.37975
2.16738,41.38111
2.16594392117,41.3792387055
2.16521,41.37935
2.16488,41.38088
2.17138344105,41.3775964054
2.17260116394,41.3814001991
2.1712,41.3782501
2.16905,41.3777
2.16711068209,41.3812361776
2.1685,41.37679
2.16837,41.38021
2.1719201,41.3829613
2.16645019019,41.3819913524
2.17255,41.37865
2.16805,41.37938
2.1664,41.38256
2.16573470886,41.3825755062
2.16968,41.37801
2.17276229876,41.3799430945
2.1744036084,41.3792185795
2.1729,41.38025
2.17349,41.3796899
2.170189,41.385105
2.17528,41.3797
2.1792530423,41.3798223561
2.17956,41.3797799
2.17974543571,41.3800931642
2.17961,41.3795
2.17914575394,41.3806112824
2.1801499,41.38077
2.17901,41.37957
2.17911243439,41.3802863708
2.18045,41.38103
2.17872,41.3793099
2.17823,41.37788
2.18022,41.38141
2.1711813,41.3748834
2.18889176846,41.3756653577
2.1879799,41.3790817
2.18909,41.3806299
2.1909599,41.3794594
2.19195,41.37905
2.19069175444,41.3756788411
2.18997,41.3768699
2.19140770333,41.37829974
2.19345802124,41.3798223581
2.1587,41.3618
2.1359499,41.40458
2.0811099,41.37254
2.116,41.37294
2.11406,41.37637
2.11477009278,41.3707794013
2.12004864271,41.3757467555
2.1153,41.37457
2.12003313727,41.3772459753
2.180445,41.38154
2.11848,41.37784
2.1243401,41.3744698
2.12525477,41.37575995
2.1251,41.37478
2.12449,41.37554
2.12357,41.37741
2.12483937394,41.3755192929
2.1264599,41.37595
2.12806,41.37455
2.13008143186,41.373238682
2.12616676147,41.3737923893
2.12836503983,41.3740068653
2.12836,41.3734894
2.128785,41.3730784
2.13128,41.37468
2.12708,41.3749886
2.12989389896,41.375065568
2.12627,41.37749
2.13298,41.37445
2.13042497635,41.3769172499
2.1334399,41.37501
2.13314008879,41.3753364213
2.1332399,41.37498
2.13464,41.37534
2.13365804404,41.3719080268
2.13342,41.37554
2.13881,41.37619
2.13903,41.3750305
2.13959,41.37474
2.1403,41.3760199
2.1398,41.37579
2.1374399,41.37344
2.14154005051,41.3745221296
2.1411699,41.37538
2.14597,41.37297
2.14224,41.37122
2.14336395264,41.3737170273
2.1482199,41.37303
2.1459100029,41.3752483831
2.14997,41.37323
2.15319,41.37519
2.1587542599,41.3753442132
2.15883,41.37547
2.16369509697,41.3749407788
2.16323,41.37421
2.16594,41.37308
2.16527,41.37334
2.16084600633,41.3742998916
2.15956449509,41.3732098078
2.15948,41.3748099
2.1649825573,41.3744818747
2.1645572191,41.373699802
2.15757,41.37517
2.1602199,41.37408
2.15569251831,41.3729631245
2.1636099,41.37407
2.16640482549,41.3749925937
2.1659799,41.37547
2.165739,41.374543
2.16575,41.3744507
2.1690723,41.3736738
2.16949,41.37435
2.1656301,41.3740883
2.1703199,41.37477
2.16872,41.37479
2.168025,41.37552
2.16965942924,41.3744790013
2.16694,41.37598
2.16609,41.3758
2.17190232015,41.3746774869
2.1705,41.37553
2.16885,41.37373
2.1734,41.37457
2.17267079625,41.3775559175
2.17578304399,41.3757810486
2.17528,41.37868
2.17437195411,41.3755896835
2.1755046552,41.3775320006
2.17262,41.37481
2.17222,41.37676
2.17905354754,41.3753426957
2.17586,41.37708
2.1749899,41.3780708
2.17022,41.37566
2.17909097672,41.3755204426
2.17813,41.37433
2.17674,41.37993
2.18839452805,41.3714351113
2.1880627,41.3754207
2.078092675,41.3666096
2.08047,41.3695
2.1017,41.37006
2.108936,41.369338
2.1122,41.3681793
2.11252123671,41.3686990516
2.11157368,41.36757134
2.11400426,41.3660325
2.11406,41.36919
2.17441320419,41.4158821106
2.1321156,41.3670998
2.13185,41.36831
2.13298,41.36817
2.12834,41.3721
2.13726,41.3657899
2.13447,41.3711399
2.133537,41.367145
2.1363,41.37435
2.13707,41.37191
2.13342,41.36519
2.14349,41.36991
2.14059024868,41.3719253918
2.14229,41.3745199
2.1442199,41.37416
2.1452301,41.3735619
2.14234292581,41.3745281952
2.14247,41.37108
2.13848,41.3667
2.14597,41.37233
2.13735716161,41.371065518
2.1467,41.37179
2.14831,41.37062
2.14616531189,41.3658455045
2.1686732769,41.3677992198
2.16733,41.37266
2.1654601,41.3715706
2.17207,41.37279
2.17421,41.37371
2.16611,41.3713
2.18633,41.37051
2.07687,41.3608
2.08221511916,41.3617393328
2.07603,41.36497
2.10490471022,41.3629155524
2.1267367,41.3255135
2.10031,41.36043
2.11155,41.3682299
2.10968,41.3607
2.132306,41.362024
2.1280406,41.3628875
2.13741,41.3641099
2.13925,41.36361
2.13318,41.3603
2.13084323252,41.365057755
2.13584,41.363
2.18044,41.41534
2.1322277,41.3667813
2.14137,41.36194
2.12290484616,41.3548170448
2.1397987,41.3608202
2.14738743214,41.3648585504
2.14335591734,41.3635002993
2.15453,41.36209
2.1549301,41.3618889
2.16509873233,41.3638789263
2.16731367642,41.3636052242
2.10082,41.35965
2.1421472,41.3682969
2.12907980278,41.3578739133
2.12858,41.35914
2.19060263158,41.4051205263
2.13964,41.35892
2.1389864,41.3605594
2.13583,41.3626
2.13628,41.35868
2.1438,41.3572
2.14132,41.35916
2.15056,41.36417
2.14741,41.35966
2.14554,41.35597
2.14255,41.35977
2.14082,41.35878
2.16087965917,41.3595712346
2.08471,41.35287
2.10042715073,41.3525875825
2.15629,41.3563199
2.06948,41.35111
2.0898449,41.353065
2.1087852,41.3507264
2.14045,41.34534
2.140569,41.352898
2.14384,41.3531199
2.09103,41.33592
2.12297,41.33596
2.14106,41.33712
2.1142244339,41.3306778678
2.11551630538,41.3279930178
2.12132692337,41.3295177363
2.133654065,41.32685484
2.1354295,41.3268697
2.13391,41.3255399
2.15784,41.33141
2.09587,41.32534
2.12809,41.32916
2.1267059,41.3238826
2.14143,41.32188
2.16854372146,41.4259059509
2.18044281006,41.3846112288
2.16203856,41.37606016
2.149862,41.370561
2.1364673,41.3892031
2.1468976,41.3687922
2.17258310574,41.3826219666
2.15498461111,41.3850432861
2.157861,41.40795
2.16652,41.37439
-3.70648703303,40.4047691315
-3.68333,40.4
-3.59814283755,40.3692607439
-3.71365,40.41258
-3.69738,40.41921
2.196773025,41.3984304
-3.70374,40.42606
-3.70222091675,40.5360792629
-3.65677,40.5361
-3.72588871667,40.39637445
-3.63082,40.54134
-3.61535742931,40.5411340419
-3.79390524331,40.520486452
-3.77713616,40.5200290025
-3.66945,40.51194
-3.69723,40.50947
-3.6927099,40.5090218
-3.695974574,40.5065692513
-3.69066,40.50987
-3.69641,40.51045
-3.693,40.5092799
-3.6949201,40.5075684
-3.69483019562,40.507920578
-3.67909576854,40.5110557941
-3.678664,40.5111835
-3.67753,40.51183
-3.6747226261,40.5080806285
-3.67472,40.50781
-3.67507,40.50755
-3.6934444795,40.454055033
-3.66969108582,40.507975095
-3.6631,40.50704
-3.65593671799,40.506702544
-3.65605,40.50687
-3.70619,40.50367
-3.70413,40.50418
-3.69588,40.50643
-3.6919301,40.5015793
-3.6947601,40.5069504
-3.67964744568,40.5037168487
-3.67543,40.50592
-3.67130016969,40.5044889409
-3.67539,40.50507
-3.674262357,40.5054399386
-3.67290973663,40.504434733
-3.67551,40.50527
-3.66467,40.50661
-3.6678138475,40.5059174675
-3.66578578949,40.5078445781
-3.66991,40.50573
-3.66522,40.50676
-3.66572,40.50774
-3.65625858307,40.5060988896
-3.71337890625,40.4970923727
-3.69061231613,40.5008289187
-3.69525,40.5012
-3.69692,40.50183
-3.69067,40.5007499
-3.67162024292,40.5009224242
-3.67441177368,40.4993114819
-3.67353,40.49989
-3.6714720726,40.500796286
-3.65594511,40.49764951
-3.71399,40.49312
-3.70777,40.49302
-3.69406,40.49467
-3.6907,40.49273
-3.66999,40.49392
-3.66583192827,40.4948627554
-3.65876,40.49492
-3.65624,40.49333
-3.6546199,40.4931908
-3.65533,40.49255
-3.6553299,40.4925499
-3.56699562429,40.49452008
-3.72461,40.4891099
-3.69187831879,40.4897165707
-3.68869,40.48821
-3.6714,40.4885499
-3.6626422306,40.4906809751
-3.67176,40.49218
-3.6621201,40.4873505
-3.66093635559,40.4889495713
-3.66165,40.48898
-3.64973,40.48692
-3.690753,40.452058
-3.72471,40.48422
-3.71357,40.48234
-3.69982,40.48554
-3.69983,40.48669
-3.70218,40.4834
-3.70302,40.48318
-3.68982374668,40.4863098841
-3.68993,40.4864
-3.69665,40.4863176
-3.66735,40.48675
-3.67191,40.48231
-3.66593,40.48169
-3.65655618961,40.4859101764
-3.64911317825,40.4819972196
-3.72142553329,40.4815585934
-3.72492313385,40.4772150198
-3.71837854385,40.4803324651
-3.71659,40.48149
-3.71381,40.47715
-3.71559977531,40.4774924946
-3.71522,40.47685
-3.70919,40.47811
-3.70645,40.4777908
-3.70936,40.47799
-3.71159791946,40.4777699683
-3.7126383017,40.4807250052
-3.70603,40.47877
-3.71073,40.4769
-3.70307,40.47721
-3.70591,40.47704
-3.70262,40.47683
-3.69297,40.4813309
-3.6865931,40.4777298
-3.67008,40.47763
-3.66717,40.4805599
-3.6906,40.4659
-3.64778,40.47981
-3.64649,40.47934
-3.69166,40.4084
-3.74272,40.47488
-3.73638,40.4762
-3.72792,40.47574
-3.72995,40.47621
-3.72496,40.48071
-3.72369,40.47646
-3.71818,40.47616
-3.72285194698,40.472973139
-3.7152901,40.4774704
-3.71252,40.47493
-3.71271,40.47604
-3.71571,40.47675
-3.71335,40.4762
-3.7142501,40.4768982
-3.71097,40.47301
-3.71147,40.47533
-3.70780253002,40.4795354365
-3.7144,40.4769
-3.70861,40.47288
-3.70386,40.47697
-3.70435,40.47684
-3.70222,40.47767
-3.708423,40.478738
-3.69923684056,40.4768326002
-3.65737,40.47582
-3.6538,40.47264
-3.71883,40.40123
-3.64206,40.4730599
-3.63982029143,40.4763785063
-3.64472,40.47364
-3.63536,40.47531
-3.6338031292,40.4765376499
-3.63582,40.47404
-3.63626,40.47493
-3.61153895036,40.475242
-3.5835,40.47278
-3.57722222,40.47361111
-3.57789435151,40.473628378
-3.58209,40.47267
-3.57988,40.47515
-3.57699,40.4722
-3.57675,40.4723
-3.57645750046,40.4719427802
-3.72401,40.46681
-3.7131,40.47208
-3.71225,40.47278
-3.71316328,40.47481516
-3.70915,40.47595
-3.70829,40.42198
-3.70124,40.45612
-3.7075,40.40888889
-3.695526,40.469543
-3.6937,40.46934
-3.69859,40.46966
-3.697,40.46772
-3.68891716003,40.4713551365
-3.69346,40.4674797
-3.68458,40.47155
-3.68832,40.46768
-3.68759,40.47081
-3.6826385749,40.4712839975
-3.68186107138,40.4717674328
-3.68499040604,40.4678944638
-3.67708,40.46767
-3.65136,40.46691
-3.65354,40.4673
-3.65019,40.47059
-3.64791,40.46782
-3.65154547976,40.4697811824
-3.63887786865,40.4680903557
-3.63893,40.46792
-3.63921231905,40.4678543084
-3.63196,40.47107
-3.63328,40.46734
-3.61807941999,40.4677108804
-3.6182430925,40.470794755
-3.61690299289,40.4673922641
-3.58748,40.46967
-3.58228573587,40.4696681449
-3.58068,40.4706199
-3.58627,40.47061
-3.58286,40.47065
-3.56954326084,40.4702210082
-3.8024,40.46682
-3.78482790771,40.464574149
-3.78522,40.46463
-3.78365,40.4659
-3.78344,40.46633
-3.77987,40.46325
-3.75165939331,40.4656253411
-3.71987,40.46534
-3.71938705444,40.4655110667
-3.71769490208,40.4627610762
-3.70939,40.4639499
-3.70146,40.46263
-3.69811310135,40.4656019708
-3.70265,40.46312
-3.698172,40.466241
-3.69974511917,40.466596796
-3.6956467038,40.4647765713
-3.69423049744,40.4658540197
-3.69545,40.46451
-3.69174,40.46953
-3.70352017528,40.4170637279
-3.6984,40.45965
-3.68007,40.42376
-3.69859,40.46528
-3.693608,40.465663
-3.6980021428,40.4696145108
-3.69624,40.46396
-3.69518,40.4705
-3.69133,40.46683
-3.69122,40.46219
-3.69181388889,40.4462777778
-3.68679,40.46233
-3.68705,40.4634
-3.68876695633,40.4643356617
-3.67541874856,40.4628970581
-3.6800301,40.4628181
-3.65832,40.4637299
-3.65549,40.4632
-3.65493,40.46314
-3.64875,40.46385
-3.64811,40.46406
-3.63996,40.46544
-3.6479001,40.4636002
-3.63708170897,40.4628847378
-3.63707,40.46426
-3.64095,40.4623599
-3.63540172577,40.4627194461
-3.63147499469,40.4652221989
-3.6322,40.46496
-3.61634731293,40.4640418072
-3.84048199137,40.2652201019
-3.77843,40.46022
-3.77498,40.45999
-3.7729,40.46187
-3.76640081406,40.4612664515
-3.71055,40.45913
-3.71061,40.45776
-3.667744,40.4246827
-3.71150928791,40.4570584341
-3.71069245513,40.4574337029
-3.71017354782,40.4577400821
-3.70799,40.45803
-3.7101,40.45762
-3.7085957,40.4621851
-3.7052,40.46413
-3.69803548552,40.4617974724
-3.69902,40.46173
-3.7019,40.4583299
-3.7002,40.46006
-3.70093,40.45789
-3.70426585167,40.45705839
-3.69844,40.46088
-3.70052700163,40.4590113985
-3.69907,40.46031
-3.699643944,40.4593818617
-3.7002,40.45823
-3.66912,40.4279
-3.69919,40.45997
-3.69859074,40.46056774
-3.69946863902,40.4612296729
-3.70399,40.46336
-3.69921684265,40.4584746545
-3.69845,40.45758
-3.69746,40.45922
-3.69931,40.4578599
-3.69339,40.46246
-3.6968,40.4598299
-3.69454,40.46019
-3.71777777778,40.4240527778
-3.68737220764,40.4587685333
-3.68780136108,40.4574297415
-3.6902,40.46285
-3.68425826801,40.4585289109
-3.68555,40.46072
-3.68725,40.46242
-3.6883279,40.4590803
-3.69043,40.46037
-3.67642,40.45817
-3.67804,40.45731
-3.67574,40.45916
-3.67695,40.45943
-3.67494485305,40.4626198799
-3.69287,40.4096199
-3.6774,40.4602
-3.68122714813,40.4584421316
-3.67419,40.4579499
-3.68248522282,40.4585358793
-3.67628,40.46006
-3.67146,40.45705
-3.70559,40.42378
-3.6735201,40.4623718
-3.66191,40.46027
106.843138,-6.239607
-3.64727,40.45809
-3.63938,40.45708
-3.6248,40.45794
-3.62405,40.4574799
-3.62536,40.45781
-3.61388297182,40.4664683853
-3.59478,40.46289
-3.5949754715,40.4525968079
-3.5901,40.46657
-3.58336,40.45784
-3.58555,40.45765
-3.58953,40.45819
-3.57019543669,40.4625746766
-3.72945,40.45467
-3.70432,40.4558899
-3.70743,40.45427
-3.70995,40.45738
-3.70916,40.45241
-3.67259,40.39853
-3.70458137,40.45605027
-3.70296111111,40.4537333333
-3.69978,40.4559402
-3.69771,40.4550399
-3.70258,40.45469
-3.70282,40.45525
-3.70386242867,40.4528703024
-3.70001,40.4532
-3.70232,40.45349
-3.69314,40.45563
-3.69395,40.45479
-3.69505,40.45376
-3.69334,40.45305
-3.6937198057,40.4542969633
-3.69893,40.45235
-3.68829488754,40.4533315668
-3.68373,40.4543
-3.67977,40.45396
-3.70356,40.4139
-3.68169,40.45562
-3.6796501,40.4551811
-3.68720054626,40.4552500662
-3.67832,40.4561599
-3.68726458643,40.4524153099
-3.6786001,40.4562798
-3.68707180023,40.4566542097
-3.67828,40.45574
-3.67772,40.4545
-3.6768,40.45626
-3.67776,40.4537199
-3.67442,40.45391
-3.6707599,40.4545708
-3.6617732048,40.4545888024
-3.65773,40.45358
-3.6453099,40.4553413
-3.64682,40.4566299
-3.6221349542,40.4548528613
-3.61884,40.45371
-3.61893,40.45567
-3.6198,40.45526
-3.60829,40.45304
-3.58657,40.4563599
-3.79147,40.4504499
-3.78462,40.4478
-3.72417,40.42833
-3.73756,40.45127
-3.71218,40.44869
-3.7066,40.4483
-3.7035201,40.4512596
-3.7049899,40.4486694
-3.70779,40.44885
-3.70707,40.45233
-3.70941,40.45059
-3.70608,40.44841
-3.70382,40.45244
-3.71623,40.45364
-3.7099,40.44987
-3.70465,40.44881
-3.70255047,40.44735385
-3.70221783974,40.4516846683
-3.70186,40.44984
-3.7033433458,40.4504256567
-3.70369,40.44747
-3.70208,40.4501599
-3.70417,40.44741
-3.6984,40.45048
-3.70390624882,40.4472592794
-3.70193,40.4472499
-3.6984,40.45181
-3.70377,40.44956
-3.69816,40.45008
-3.70162,40.45344
-3.70322,40.447
-3.70099,40.44895
-3.69494,40.4509
-3.6959,40.44812
-3.69499,40.45032
-3.69422,40.45187
-3.69315629563,40.44976526
-3.69157,40.45089
-3.68758678436,40.4505231115
-3.69014,40.45078
-3.68851901677,40.4512696959
-3.687690825,40.4513513175
-3.68305921555,40.4518130561
-3.67737,40.4510999
-3.67597,40.4482799
-3.67621,40.4480999
-3.67335,40.44867
-3.67535,40.44769
-3.6728264695,40.4486372656
-3.6715396118,40.4491428281
-3.66835,40.45044
-3.66717685014,40.4480189256
-3.6698,40.44712
-3.66772,40.44921
-3.66502,40.45306
-3.67465,40.453
-3.63934993744,40.450114896
-3.62771987915,40.4474206117
-3.61058,40.44804
-3.61156,40.4472499
-3.6003,40.4490399
-3.5949299,40.4513512
-3.58672996208,40.4478711547
-3.587448,40.446863
-3.58720068563,40.4476759699
-3.58669281006,40.4478615019
-3.57243528879,40.4500414461
-3.56784,40.45026
-3.56942,40.44796
-3.55967263095,40.4501499876
-3.54922914994,40.4489454523
-3.7860601,40.4453697
-3.74047,40.44701
-3.71318,40.44274
-3.71072,40.44657
-3.71571,40.44804
-3.706587,40.44686
-3.7062199,40.4463882
-3.71305314574,40.4461150053
-3.70306,40.44447
-3.70416,40.44607
-3.70306,40.44737
-3.70494,40.44294
-3.70252,40.4473
-3.70055258274,40.4474328586
-3.7012801,40.4430504
-3.70337146576,40.4459510869
-3.70196,40.44643
-3.69719,40.44731
-3.69523,40.4475708
-3.69657,40.44676
-3.69523,40.44684
-3.69041,40.44803
-3.69079,40.44449
-3.6832199,40.4456406
-3.68679,40.45167
-3.68754608043,40.4518620348
-3.67261,40.44422
-3.67648,40.44335
-3.70696643754,40.416839641
-3.67146,40.44546
-3.6749378452,40.4443300006
-3.67472,40.4461
-3.6799,40.44343
-3.67739,40.44486
-3.67599,40.44533
-3.67745,40.44408
-3.67819,40.44595
-3.67677,40.4442406
-3.66638512667,40.4475527533
-3.66700916961,40.4450402033
-3.6709,40.44267
-3.6708,40.44614
-3.66738,40.44473
-3.6698,40.44684
-3.66943359375,40.4474206117
-3.66945109996,40.4456440836
-3.65489,40.44427
-3.66386,40.44838
-3.66373,40.44818
-3.63448,40.44368
-3.63533059,40.4445311138
-3.615647,40.4449796
-3.614267,40.4452326
-3.61516714096,40.4449385086
-3.61251,40.44626
-3.61271,40.4461212
-3.62455,40.44539
-3.60896587372,40.444432279
-3.61087,40.44469
-3.61096,40.4436
-3.61065,40.44411
-3.61518,40.44492
-3.58744390664,40.446343367
-3.58711727593,40.4452742532
-3.58682155609,40.446408186
-3.58594,40.44595
-3.8045,40.44074
-3.79133,40.44215
-3.72948647953,40.4399402181
-3.73164,40.43905
-3.7153499,40.4410019
-3.71239,40.44155
-3.71253389175,40.4423502959
-3.71317878829,40.4392817505
-3.7144899,40.4377785
-3.71485,40.44081
-3.70951,40.43869
-3.70825,40.43753
-3.71253,40.43939
-3.7139,40.44276
-3.71296,40.43939
-3.7079999,40.4403915
-3.7147501,40.4415016
-3.71073,40.43874
-3.70911,40.43867
-3.71468,40.43889
-3.71011,40.43829
-3.71156,40.43936
-3.70659011658,40.4419501961
-3.6993,40.44013
-3.70404,40.43736
-3.7018001,40.4425316
-3.7027,40.44366
-3.69965,40.44206
-3.69875,40.4442499
-3.69825,40.43963
-3.69725,40.44346
-3.69892,40.44208
-3.71016,40.4280199
-3.69931,40.44173
-3.69783,40.44055
-3.69762897491,40.440023021
-3.69792,40.44196
-3.69553,40.4406
-3.69927,40.43786
-3.6949,40.44057
-3.69337985573,40.4388071356
-3.69602400695,40.4444671258
-3.69617,40.44089
-3.69729,40.44588
-3.69819,40.43822
-3.69786619942,40.4451733209
-3.69916,40.43917
-3.69816,40.44167
-3.6921201,40.4379196
-3.69140625,40.4469470596
-3.69537,40.4444695
-3.67824,40.43857
-3.67838,40.44215
-3.67804,40.44
-3.67381,40.43923
-3.671,40.44211
-3.67356,40.43824
-3.6805941468,40.4407294687
-3.67445,40.4426599
-3.6747,40.43849
-3.67671,40.4421899
-3.67214,40.4413
-3.67612,40.44309
-3.67018,40.4418
-3.67093,40.44038
-3.67158,40.44361
-3.66883,40.44074
-3.669724,40.441668
-3.6731,40.44174
-3.66328,40.44099
-3.656428568,40.4373218444
-3.65285,40.44067
-3.65084,40.43818
-3.65038,40.4413399
-3.65101474579,40.4400149859
-3.6529,40.4378891
-3.64979,40.43816
-3.64237,40.44072
-3.64543,40.43718
-3.63824,40.43859
-3.7361,40.38618
-3.63668,40.43824
-3.63957,40.43784
-3.6397,40.43703
-3.64049,40.43732
-3.63743,40.43986
-3.6384084,40.4375954
-3.62593,40.44102
-3.63004803658,40.4408722339
-3.6218,40.43818
-3.62234942,40.439300246
-3.61002,40.44174
-3.71824979782,40.4347968593
-3.71926667364,40.4354772535
-3.71812,40.43459
-3.71752,40.43423
-3.71682,40.4352
-3.71753,40.43538
-3.7185716629,40.4346498676
-3.71646080452,40.4365627215
-3.7177,40.43409
-3.71627,40.4353485
-3.71294,40.43604
-3.71441,40.43592
-3.71258497238,40.4353194937
-3.71571,40.43533
-3.71273,40.43521
-3.71654535318,40.4376451272
-3.71457,40.43363
-3.71373,40.43473
-3.71700828,40.43296233
-3.71542,40.43453
-3.71544,40.43422
-3.71633,40.43663
-3.71686,40.43363
-3.71441423893,40.4335637525
-3.71485,40.43314
-3.71533,40.43589
-3.71502710355,40.4336723718
-3.70951652527,40.4362667583
-3.7081861496,40.4342252232
-3.70489239693,40.4357400482
-3.71009,40.43488
-3.71117,40.43301
-3.70445,40.43678
-3.71151,40.43545
-3.70684,40.43644
-3.7127867307,40.4342373685
-3.70407,40.43642
-3.71313,40.43708
-3.71596,40.4353399
-3.71018,40.43348
-3.71019,40.4334
-3.70683,40.43403
-3.7022,40.43705
-3.69897,40.43596
-3.69998931885,40.4362504263
-3.70095491409,40.4356624704
-3.69909,40.43622
-3.70172,40.4348
-3.69955736454,40.4369609966
-3.70443,40.43743
-3.70304,40.4354299
-3.701,40.43753
-3.70214,40.43425
-3.70457,40.43241
-3.70343,40.43363
-3.70007,40.43755
-3.69857,40.43508
-3.70147,40.43238
-3.69717,40.43513
-3.69315,40.43625
-3.68653,40.4371099
-3.6890099,40.4327507
-3.69120000155,40.4350000016
-3.68513,40.43614
-3.69686,40.43513
-3.67761,40.43604
-3.68515,40.43336
-3.68327,40.43297
-3.68443,40.43601
-3.68008,40.43606
-3.70882058063,40.4154650281
-3.68525,40.43578
-3.685,40.4375799
-3.67673,40.43446
-3.67195206936,40.4361974776
-3.67759,40.4373099
-3.67373,40.43356
-3.67518326688,40.4355757652
-3.70362810224,40.4146415727
-3.67934,40.43707
-3.67006,40.43667
-3.66764,40.4370308
-3.67026,40.4368
-3.67362,40.43585
-3.67483,40.43294
-3.67112,40.43712
-3.67104,40.4341
-3.67684,40.43589
-3.67361,40.4380499
-3.67112,40.43323
-3.66817,40.4366798
-3.67149353027,40.4338985718
-3.66232,40.43671
-3.66378,40.43737
-3.66717,40.43357
-3.65838,40.4347115
-3.695719,40.427529
-3.6548,40.43572
-3.65903,40.43606
-3.65403,40.43705
-3.65856,40.436
-3.65776,40.4367
-3.65367,40.43917
-3.65065,40.43726
-3.64995002747,40.4364627424
-3.64582198914,40.4351481352
-3.64631452652,40.4364910325
-3.64659,40.43397
-3.64576,40.43721
-3.65152,40.43213
-3.64988565445,40.4329267746
-3.65123,40.4388999
-3.65049,40.43229
-3.64648,40.43517
-3.654549,40.433815
-3.64705324173,40.4341435605
-3.64195,40.43667
-3.64449,40.43521
-3.64028,40.43675
-3.63986,40.43658
-3.6452,40.43436
-3.6432,40.4356099
-3.64545,40.43304
-3.6421525,40.4363174
-3.63893,40.43651
-3.64442500875,40.43421575
-3.64269733429,40.4346172027
-3.64569,40.43412
-3.64383,40.43617
-3.64439,40.43547
-3.64144,40.43777
-3.64269733429,40.4366097302
-3.64809,40.4326999
-3.64282405405,40.433975473
-3.64254713058,40.4357875743
-3.72072,40.38541
-3.6421101,40.4373512
-3.64517,40.43482
-3.64309098747,40.437568521
-3.64467144012,40.4363157544
-3.64209,40.43587
-3.63936,40.43746
-3.64489124231,40.439752427
-3.64269,40.44059
-3.64412,40.43381
-3.64235,40.4335499
-3.63664958985,40.4363076075
-3.63770576851,40.4378682886
-3.6381778121,40.4377100863
-3.6364601,40.4371414
-3.63808393478,40.4367240537
-3.63803717869,40.4365620055
-3.637921,40.438062
-3.63816771034,40.4373950856
-3.63567,40.43835
-3.63510692193,40.434827954
-3.632693598,40.439259921
-3.6386,40.43256
-3.63121,40.43698
-3.63172912337,40.4361134937
-3.63682,40.43431
-3.62739,40.4323
-3.62461,40.43101
-3.6187038,40.4345122
-3.6102104187,40.4356053077
-3.60798,40.43612
-3.60973,40.43604
-3.60572,40.43296
-3.60626,40.43361
-3.7865887,40.4273948
-3.72352,40.43273
-3.72188165821,40.4279972748
-3.71808,40.4313
-3.72033,40.43036
-3.71886,40.43198
-3.71731,40.43045
-3.71879,40.42965
-3.72071505086,40.4292771794
-3.7166,40.43049
-3.71729,40.42631
-3.72328,40.43212
-3.7155940528,40.4298745611
-3.71693,40.43246
-3.71733,40.43298
-3.71695,40.4321
-3.71694,40.43232
-3.71442,40.43232
-3.71634,40.4331699
-3.7134,40.42437
-3.70827,40.4288
-3.7054,40.43012
-3.70766,40.42205
-3.71054,40.43183
-3.70341,40.43189
-3.70486,40.4290499
-3.7053,40.43176
-3.70535,40.42992
-3.70988130569,40.4298316293
-3.71146,40.43029
-3.71368,40.4278717
-3.71168,40.43089
-3.70851,40.43385
-3.70875,40.43138
-3.71099787888,40.4271181332
-3.71012,40.42721
-3.71335603104,40.4338561261
-3.71125,40.43179
-3.70541,40.4324299
-3.71162,40.43153
-3.699,40.4246399
-3.70896,40.43218
-3.70947506751,40.4315697414
-3.70526,40.43051
-3.71106,40.43121
-3.71228,40.43038
-3.71024608612,40.4330492708
-3.7039200294,40.4326132962
-3.70407,40.43248
-3.70226,40.4284706
-3.7011051178,40.4298152957
-3.70419,40.4327316
-3.70195,40.43148
-3.70323,40.42852
-3.70261,40.4262299
-3.69992,40.42981
-3.70341,40.42874
-3.70398,40.42784
-3.69764,40.43021
-3.7004028,40.4294651
-3.70419,40.43273
-3.70159,40.42951
-3.70337,40.43086
-3.69807142075,40.431064935
-3.70268066,40.42072494
-3.70214,40.43217
-3.69687,40.43018
-3.69479656219,40.4309096381
-3.69522,40.42834
-3.69793,40.43039
-3.69716,40.4322701
-3.6985,40.43164
-3.69185,40.43394
-3.71863,40.4272
-3.68579,40.42772
-3.6837,40.42791
-3.68394,40.4329899
-3.68321,40.42899
-3.67672920227,40.4304686366
-3.67497,40.43128
-3.67483,40.4285799
-3.67462,40.43253
-3.67728,40.42983
-3.67328,40.43217
-3.67286,40.42991
-3.67369,40.4309
-3.67732,40.4334984
-3.6737199,40.4306297
-3.67695,40.43011
-3.67826,40.42839
-3.67834099602,40.4313713168
-3.67838,40.43275
-3.67367148399,40.4294069545
-3.67106,40.43112
-3.67566,40.42878
-3.66885,40.42743
-3.67094,40.42855
-3.6712601,40.4295387
-3.669072,40.427686
-3.67085,40.42723
-3.66777,40.42809
-3.66563,40.42941
-3.67117,40.42838
-3.66786,40.42933
-3.66472154515,40.4299091098
-3.65958,40.43137
-3.66288,40.42971
-3.66284,40.43152
-3.6638,40.42996
-3.65414,40.43183
-3.6496,40.4315186
-3.65298,40.43164
-3.64596,40.43176
-3.64772,40.43024
-3.65447,40.42948
-3.65327,40.43195
-3.6420801,40.4320793
-3.6439,40.4291
-3.64205,40.4289
-3.64311,40.42816
-3.64478,40.43331
-3.68396606048,40.4047038851
-3.64252,40.43137
-3.64355,40.43179
-3.63957,40.43187
-3.64455,40.43394
-3.64091,40.43492
-3.66663,40.4004
-3.6406,40.42756
-3.63308392031,40.4314828466
-3.63969,40.4281999
-3.63573,40.43016
-3.63829,40.43269
-3.6296,40.43134
-3.62497329712,40.4319222972
-3.62198,40.42751
-3.6180844,40.4309482
-3.60848,40.43199
-3.6092999,40.4310303
-3.60933,40.42891
-3.609,40.42878
-3.61596,40.43213
-3.6043,40.42732
-3.60437,40.43084
-3.60379,40.42949
-3.72641730128,40.426377327
-3.72844,40.42719
-3.7236,40.42714
-3.7172899,40.4263115
-3.72344,40.4234
-3.72679,40.42578
-3.71708,40.42575
-3.72968,40.4286
-3.7239154125,40.423612125
-3.71812,40.42768
-3.7137591881,40.4252524854
-3.70764,40.41414
-3.71369,40.42469
-3.71509,40.42556
-3.71459,40.42377
-3.71149011661,40.4234929132
-3.71325,40.42505
-3.71444,40.42774
-3.71347,40.42569
-3.71222,40.4266099
-3.7170400029,40.428378054
-3.71473,40.4256706
-3.71404,40.42471
-3.71034,40.42746
-3.70771,40.42281
-3.71027010735,40.4277818622
-3.70764515328,40.4269501167
-3.70647,40.42422
-3.7077999,40.4261017
-3.70807,40.42678
-3.70851,40.42312
-3.70761,40.42601
-3.70356968131,40.426942432
-3.71005,40.42689
-3.70788025911,40.4202044576
-3.70521,40.4264
-3.70741,40.4256
-3.70524973439,40.4256228858
-3.7054901,40.4238586
-3.70408096527,40.4262360087
-3.7111599,40.4254189
-3.70433,40.4250908
-3.71151,40.426
-3.70392,40.42732
-3.7029,40.42684
-3.70194,40.42675
-3.698839,40.425869
-3.70346202908,40.4277492261
-3.70074,40.42656
-3.70078,40.42438
-3.69917,40.42683
-3.70074,40.4259
-3.70044,40.42443
-3.70365,40.4265199
-3.70167,40.42626
-3.70223,40.42381
-3.70168,40.42684
-3.70335,40.4268
-3.70393181873,40.4281723209
-3.6981399,40.4261398
-3.70164,40.42643
-3.70414,40.42613
-3.70086260971,40.4242357148
-3.7037799,40.4272499
-3.70350837708,40.4285575968
-3.70075,40.42517
-3.70253,40.42733
-3.7017,40.42706
-3.70098,40.4254
-3.699,40.42514
-3.704,40.42581
-3.70037579895,40.4248233957
-3.69692,40.42487
-3.69761544521,40.4279574535
-3.69893,40.42326
-3.69887002956,40.4223624862
-3.69621907493,40.4256790529
-3.69586968781,40.4236962842
-3.69762707879,40.4228114871
-3.69585,40.42608
-3.69931286,40.4274329
-3.69795,40.42317
-3.69592,40.42374
-3.69669,40.42611
-3.6973,40.42778
-3.69832,40.42307
-3.698601,40.427674
-3.69852,40.42706
-3.69609,40.4260902
-3.6983504625,40.4232469955
-3.69936,40.4275
-3.69439761607,40.425976043
-3.69632005692,40.4279205714
-3.69815,40.42793
-3.68843,40.42327
-3.690784,40.425503
-3.69081,40.42812
-3.69103,40.42259
-3.69083,40.42796
-3.69305,40.42287
-3.68378,40.42501
-3.68382,40.42646
-3.68277744333,40.4257821055
-3.6842,40.42663
-3.70467,40.4123
-3.67864,40.4262299
-3.67933,40.4274
-3.68023492244,40.4246037744
-3.67785483156,40.4274801477
-3.67654,40.42743
-3.6799099,40.4257507
-3.67755,40.42472
-3.67827415466,40.4277408965
-3.67422,40.42396
-3.67863,40.42642
-3.67678,40.42448
-3.6785638131,40.4262638435
-3.67585,40.42723
-3.67841,40.4265199
-3.67211,40.42475
-3.67076,40.42788
-3.67434,40.42594
-3.66774,40.42471
-3.67304,40.42616
-3.67344703964,40.4224165402
-3.67184,40.42772
-3.67341,40.42712
-3.674158,40.423926
-3.67054,40.42467
-3.67194171957,40.4233235386
-3.67011,40.42686
-3.66158,40.42557
-3.66812,40.42771
-3.65708,40.42307
-3.6581399,40.4281616
-3.66196,40.42832
-3.65546196699,40.42344489
-3.66230964661,40.4261564698
-3.66209506989,40.4285575968
-3.65018,40.43128
-3.65396,40.4223799
-3.65068,40.43232
-3.64402770996,40.4267281745
-3.64175,40.42642
-3.64174,40.4311999
-3.64164590836,40.4277082283
-3.64934921265,40.4236245764
-3.63237,40.42546
-3.63310575485,40.4223994324
-3.63214,40.42564
-3.60927,40.4241
-3.6108,40.4241905
-3.60381,40.42474
-3.60279,40.42637
-3.60118,40.42828
-3.60058,40.4281006
-3.60051,40.4253799
-3.60594171705,40.4241231918
-3.56494183,40.42442311
-3.735,40.41639
-3.73247623444,40.4187892119
-3.72304,40.42254
-3.72082639118,40.4219399422
-3.7207455,40.4212302
-3.72149,40.42124
-3.71021723,40.42303326
-3.7089925111,40.4210731638
-3.709,40.4211
-3.71092,40.42271
-3.70939922327,40.4182652048
-3.70399,40.42243
-3.70392,40.42278
-3.70408407,40.4228763825
-3.7044,40.42311
-3.70405,40.42152
-3.70238,40.42207
-3.70386,40.4222488
-3.70413,40.42234
-3.70009,40.42241
-3.70161,40.41896
-3.70604294594,40.4222425534
-3.70263,40.42208
-3.70047,40.42243
-3.70347,40.4219099
-3.70279,40.42167
-3.70408,40.4209699
-3.70365,40.41857
-3.70105,40.41839
-3.70368,40.42213
-3.7024751787,40.418172105
-3.70334,40.42095
-3.6987,40.42037
-3.6984899,40.4217186
-3.70567560196,40.420406484
-3.70483875275,40.4232325327
-3.70297,40.42317
-3.69723,40.42293
-3.69654536247,40.4225872893
-3.69774,40.42297
-3.69701,40.42251
-3.69739,40.4227599
-3.69876,40.42156
-3.69823,40.42098
-3.69832891281,40.4219911766
-3.69372,40.42196
-3.69071,40.4221999
-3.6903,40.42188
-3.69107,40.42251
-3.692364,40.422242
-3.6878,40.42172
-3.70057,40.415
-3.6842849849,40.422385139
-3.67981,40.42312
-3.67237577321,40.421089927
-3.67634,40.42007
-3.68346691132,40.4216153286
-3.6828101,40.4217682
-3.6788399,40.4238701
-3.67233,40.4221999
-3.67181122,40.42357105
-3.67087,40.42393
-3.67412,40.42158
-3.672099108,40.421477338
-3.67298,40.42372
-3.66568,40.42283
-3.66472,40.4180599
-3.66644,40.41766
-3.66927352242,40.4244584338
-3.66997,40.41781
-3.67089,40.42366
-3.67111,40.42113
-3.66646,40.42288
-3.66747,40.42656
-3.6635399,40.4251518
-3.60846,40.4062399
-3.67009,40.42465
-3.66903,40.4246
-3.66871476173,40.4266546698
-3.66731,40.42543
-3.65095,40.4235
-3.65181684494,40.4207005293
-3.62651008423,40.4195898152
-3.62087488174,40.4189689107
-3.6247399,40.4183502
-3.61705,40.41927
-3.61326,40.42031
-3.60999,40.4218199
-3.60975,40.42102
-3.7252,40.41388
-3.72164011002,40.4135613999
-3.72207665764,40.4131408402
-3.71883333,40.41488611
-3.72505,40.41361
-3.72801543423,40.4168046954
-3.72549,40.41384
-3.72621,40.41304
-3.72040259736,40.4212514721
-3.70895,40.41833
-3.71076,40.41757
-3.70614,40.41705
-3.70875,40.41682
-3.70429,40.41702
-3.71035,40.41688
-3.70872,40.41662
-3.71133,40.41738
-3.70706,40.41946
-3.70683,40.41485
-3.7099,40.41614
-3.70761,40.41766
-3.70699,40.41749
-3.70921,40.41502
-3.70283,40.4177899
-3.7046,40.41715
-3.70474,40.41669
-3.7027,40.41767
-3.70381,40.4172
-3.70704631628,40.4197425859
-3.70295,40.41857
-3.70309,40.4173199
-3.7015,40.41661
-3.7042,40.41934
-3.70306,40.4139
-3.7048,40.41888
-3.70397,40.41942
-3.702822,40.418457
-3.70174,40.41594
-3.7032235909,40.4185867942
-3.69678055556,40.4171861111
-3.69904,40.4177899
-3.70016,40.41649
-3.70138,40.41896
-3.69877742654,40.4156793925
-3.69486944444,40.4182694444
-3.70064,40.41764
-3.69275,40.41751
-3.67821,40.4173199
-3.67613,40.41717
-3.66958,40.4151
-3.67123,40.41787
-3.66706,40.4155
-3.67220163345,40.4151379548
-3.67499,40.417
-3.67777818699,40.4204974589
-3.69894,40.42082
-3.67314,40.4164
-3.672431,40.4152647
-3.67174,40.41681
-3.60681,40.40631
-3.65390219333,40.4219141667
-3.62676,40.41874
-3.6226826,40.4144808
-3.8493,40.346
-3.74944444,40.41333333
-3.74445,40.40874
-3.86222222,40.72722222
-3.73977184296,40.4108271702
-3.7387,40.41062
-3.73818770401,40.414661531
-3.74284,40.40815
-3.7379693985,40.4144762963
-3.7407,40.41017
-3.735,40.41295
-3.73359203339,40.4103509953
-3.73098,40.41543
-3.73478,40.41035
-3.73329162598,40.4114701614
-3.72789,40.41177
-3.7247901,40.4129295
-3.72216737747,40.4130634763
-3.72453,40.4069901
-3.72634,40.41339
-3.72082,40.41487
-3.71939080521,40.4126672093
-3.72603,40.41295
-3.72718,40.41421
-3.7964625887,40.3941423263
-3.72055,40.41344
-3.71774,40.4126
-3.7206,40.41218
-3.7175,40.41308
-3.72827,40.40981
-3.71923,40.41371
-3.71222,40.41085
-3.71058,40.411309
-3.71005,40.41156
-3.71339,40.4129999
-3.71004,40.41249
-3.71444448151,40.409419404
-3.71008,40.4119
-3.71192,40.41273
-3.71176,40.41021
-3.71095,40.4118799
-3.71318,40.411
-3.7108,40.41495
-3.71178,40.4121
-3.71067,40.41222
-3.71166445436,40.4122216984
-3.7098801,40.4114914
-3.71162,40.40931
-3.71759,40.4129
-3.70786546791,40.4109676535
-3.7064199,40.4110794
-3.70787,40.4118
-3.7081,40.41054
-3.71052,40.41219
-3.71062,40.4125299
-3.71036,40.41218
-3.70712,40.4112099
-3.70335,40.41396
-3.70448166085,40.412382661
-3.70828,40.41331
-3.70392,40.41301
-3.70415210724,40.4123524106
-3.70331,40.41266
-3.70371,40.41255
-3.70367,40.41345
-3.70171,40.41273
-3.70233,40.41364
-3.70166180652,40.4129345369
-3.70283,40.41133
-3.70049,40.41087
-3.70749,40.41228
-3.69742,40.41271
-3.69710959913,40.412850819
-3.69688,40.41319
-3.69657,40.41287
-3.69678,40.41235
-3.69275808334,40.4094932277
-3.6970699,40.4128418
-3.69818,40.41322
-3.69569,40.4135
-3.69713,40.41323
-3.69901,40.4117
-3.69439,40.411
-3.69837,40.41265
-3.69835,40.41102
-3.6953,40.41061
-3.69657,40.41323
-3.69577,40.4130899
-3.69823,40.4150599
-3.6925,40.4088888889
-3.70225,40.41426
-3.70083946045,40.410130558
-3.73056,40.35005
-3.70155,40.4114609
-3.68885,40.40788
-3.69387,40.41243
-3.69567,40.41101
-3.69036,40.41397
-3.6951499,40.4112091
-3.67637,40.40923
-3.6722452,40.411062
-3.67012,40.41066
-3.67025,40.40947
-3.66815686226,40.4115722742
-3.70569,40.41652
-3.67151,40.41101
-3.6555588,40.4108359
-3.65464,40.4085007
-3.66457,40.41073
-3.65557193756,40.4109146652
-3.6588787,40.4108313
-3.65392,40.4096
-3.65494254526,40.410557886
-3.65244,40.40886
-3.64877,40.40949
-3.64704,40.41045
-3.64988565445,40.4096239359
-3.64789,40.40919
-3.65103,40.40922
-3.64937,40.4096909
-3.6417,40.41008
-3.7416699,40.3802185
-3.64793,40.40789
-3.64274,40.40833
-3.6402618885,40.4096892898
-3.64690303802,40.4084475534
-3.65155,40.4104699
-3.65201,40.41415
-3.64644,40.40806
-3.63576,40.40977
-3.63542,40.41005
-3.63836,40.41052
-3.63736,40.40919
-3.63012,40.4102211
-3.6060075,40.4077781
-3.7579,40.40416
-3.75701,40.40562
-3.7471299,40.4073486
-3.7495136261,40.404379072
-3.74412,40.40685
-3.7474,40.40477
-3.74402,40.40502
-3.74188,40.40703
-3.73927,40.40552
-3.73767,40.40498
-3.73883,40.40394
-3.74157,40.40461
-3.73789,40.40549
-3.73542,40.40647
-3.72703622052,40.4067279547
-3.72453,40.40699
-3.72325,40.4072
-3.72334,40.4057
-3.72305,40.40261
-3.72118219055,40.4104977398
-3.71634,40.40833
-3.7105,40.40657
-3.71329,40.40705
-3.71577,40.4080811
-3.7115,40.40917
-3.71122,40.40788
-3.71448,40.41169
-3.71048,40.40912
-3.70974,40.40804
-3.709,40.4101
-3.70939,40.41053
-3.70736,40.40649
-3.70749,40.4105186
-3.70418327342,40.406941082
-3.70388,40.40759
-3.70412,40.40745
-3.70076,40.4085
-3.69858,40.40596
-3.70278,40.40834
-3.70539665222,40.407646948
-3.70444596016,40.410522014
-3.70125,40.40909
-3.70437,40.40931
-3.70051,40.40634
-3.70178,40.41041
-3.70798,40.41042
-3.69629323483,40.4074508799
-3.69696,40.40794
-3.69755,40.40806
-3.69929,40.40708
-3.69457393885,40.405357409
-3.69619,40.40518
-3.692496824,40.4086476363
-3.69317,40.40937
-3.68780136108,40.4065685664
-3.69373,40.40445
-3.68314,40.4066199
-3.68254959583,40.4062131869
-3.67739,40.40814
-3.67693,40.40707
-3.68276,40.4051
-3.67095,40.40705
-3.67766517445,40.4044200538
-3.68178,40.40721
-3.67884,40.40271
-3.67958,40.40416
-3.68173,40.40494
-3.67158,40.40665
-3.67153,40.40289
-3.672863,40.406898
-3.67088,40.40634
-3.66579,40.40257
-3.6547,40.4062996
-3.64866988131,40.4072481459
-3.65003,40.4063
-3.64917755127,40.4048039049
-3.64934,40.40731
-3.6508559,40.405109
-3.65054,40.40682
-3.6479472,40.4068146
-3.64542,40.40492
-3.6430299,40.4032097
-3.64822,40.40704
-3.64424,40.40439
-3.64935770429,40.4070538929
-3.6422027,40.4066377
-3.7085723877,40.4231671919
-3.64861,40.40688
-3.6442,40.40399
-3.6349199,40.4063187
-3.63209,40.40695
-3.63679,40.4073486
-3.63283,40.40531
-3.63871,40.40232
-3.63278,40.40612
-3.6319599,40.4071617
-3.62993001938,40.4047385461
-3.62761795554,40.4065358882
-3.607,40.40632
-3.60836,40.40639
-3.61067,40.4028599
-3.60848,40.4044
-3.60609,40.40254
-3.6057701,40.4040604
-3.60412,40.40567
-3.60537,40.40515
-3.78777,40.39805
-3.75524282455,40.4001305961
-3.75214,40.40025
-3.74587,40.40173
-3.73854,40.40237
-3.72543056,40.39833056
-3.72600137706,40.399448836
-3.72316360474,40.4016175932
-3.69756191969,40.3889509583
-3.71602,40.3975
-3.71517,40.40783
-3.70997,40.40262
-3.70513,40.40224
-3.70553869064,40.4042778958
-3.70413,40.40085
-3.71213436127,40.4002613224
-3.70741,40.40485
-3.704382,40.401115
-3.70698,40.40657
-3.70203,40.4019199
-3.70003,40.40399
-3.70203,40.40319
-3.7025101,40.4073105
-3.69882243927,40.3994995599
-3.69851,40.3993899
-3.70116,40.39861
-3.69976,40.39884
-3.69418,40.4031
-3.70222,40.4043
-3.69839,40.40219
-3.70073,40.40699
-3.69726,40.40291
-3.69190932829,40.3991936947
-3.69297780426,40.4040812011
-3.69238,40.40398
-3.69667,40.40153
-3.69595,40.40487
-3.69505405426,40.405816957
-3.6978,40.40232
-3.69873660858,40.4077369428
-3.69316,40.40224
-3.69445,40.39812
-3.69493,40.40325
-3.696,40.40417
-3.69595,40.40069
-3.69893,40.40227
-3.69603,40.40479
-3.69717,40.4025307
-3.68947,40.40209
-3.69083,40.4028587
-3.69069814682,40.402794095
-3.69226201,40.40960559
-3.68083,40.4026108
-3.67805,40.4027699
-3.67556,40.4021
-3.67447,40.40196
-3.66739,40.39974
-3.67290631147,40.3980390553
-3.66659,40.40019
-3.66811,40.3989
-3.66878,40.39822
-3.67077,40.39804
-3.67141,40.39808
-3.67379,40.40202
-3.67453,40.4026799
-3.66297,40.3994
-3.66713,40.3980103
-3.66618,40.39871
-3.66287,40.40306
-3.65974,40.40313
-3.66472,40.4019
-3.70115,40.42155
-3.662025675,40.401317775
-3.66356,40.40003
-3.64073364851,40.3983568841
-3.6240699,40.3983688
-3.62159858215,40.4005067505
-3.60844,40.40219
-3.60739,40.40157
-3.60605457014,40.4015758032
-3.60667,40.3994
-3.766751,40.3947066
-3.7675,40.39402
-3.7652,40.3934799
-3.76222,40.39599
-3.76599311829,40.397270894
-3.75882,40.39777
-3.75892,40.39324
-3.76151,40.39278
-3.76264789658,40.3947878032
-3.76074,40.39308
-3.75993,40.39446
-3.7569,40.39407
-3.75794,40.39346
-3.75508,40.39322
-3.7432651,40.3955234
-3.7516799,40.3931313
-3.74463,40.3965
-3.7426362,40.3945118
-3.73697,40.39602
-3.73489725245,40.3954260973
-3.72729463,40.39334487
-3.72031,40.3954391
-3.71815,40.3955
-3.713398,40.396719
-3.71435,40.3975099
-3.71522,40.39512
-3.70936,40.39587
-3.70727,40.39787
-3.71053,40.39338
-3.70774,40.39535
-3.71702,40.3978899
-3.71304,40.39662
-3.71683,40.39737
-3.70007,40.3945099
-3.70204,40.39819
-3.7033957243,40.3971319911
-3.70128,40.40191
-3.70677983388,40.3953084569
-3.70185,40.40186
-3.70077,40.40031
-3.69839,40.39917
-3.69749,40.39785
-3.69609,40.39764
-3.69634,40.39694
-3.69427,40.39317
-3.69432111311,40.3984653424
-3.69420175308,40.3986792951
-3.69623,40.39672
-3.69524,40.39458
-3.69464635849,40.3962903968
-3.69783,40.39762
-3.69635,40.39272
-3.69536,40.39297
-3.69326,40.39745
-3.69471073151,40.3953589112
-3.69659,40.3978899
-3.69613,40.40016
-3.69482,40.39914
-3.69431,40.39591
-3.69778,40.39803
-3.7005806,40.4086845
-3.69729,40.39824
-3.69269,40.4091499
-3.68802,40.39351
-3.73952,40.38577
-3.69038,40.39259
-3.69238,40.39294
-3.69324624538,40.396245457
-3.6834025383,40.3970584542
-3.683629,40.3987
-3.66907954216,40.3969154654
-3.6652,40.39715
-3.6707134,40.3962613
-3.6673701,40.3971901
-3.66959,40.39668
-3.66779,40.3977
-3.66706,40.39542
-3.66893,40.39624
-3.66983,40.39586
-3.66821,40.37605
-3.66701,40.39519
-3.66669,40.3953
-3.66666,40.39504
-3.6665001,40.39748
-3.6648657918,40.3962515851
-3.66899,40.39683
-3.66493,40.3953
-3.662463,40.394807
-3.66115,40.39477
-3.66475,40.3955
-3.6624501,40.3951912
-3.66128,40.3950699
-3.65963,40.39877
-3.66235,40.39534
-3.66115,40.395
-3.66008,40.39443
-3.66046665318,40.3937187609
-3.66218,40.39499
-3.65987,40.39318
-3.66349,40.3965699
-3.66297,40.39746
-3.66004,40.39326
-3.6579,40.39298
-3.6510605,40.3944932
-3.65105,40.39448
-3.64273,40.3939
-3.64363074303,40.3935204149
-3.64457,40.39473
-3.64928,40.39534
-3.641,40.39276
-3.6188,40.39711
-3.76903194244,40.395718564
-3.76602,40.38792
-3.76427,40.39578
-3.75824,40.3264799
-3.76631,40.3887799
-3.76573,40.38833
-3.77125441048,40.397709381
-3.76473,40.3944199
-3.76546,40.39718
-3.76494,40.39606
-3.76714,40.39175
-3.76461,40.39467
-3.76904,40.39618
-3.76402,40.39246
-3.76754,40.39787
-3.76394,40.39232
-3.76459,40.38857
-3.7602401,40.3916016
-3.76042,40.38994
-3.7604,40.39021
-3.7618001,40.3884506
-3.757,40.39326
-3.7522091275,40.3896391107
-3.75215,40.3894499
-3.75065,40.39134
-3.75166,40.3905699
-3.75324817571,40.3882860552
-3.7438,40.3903
-3.7434,40.39146
-3.74348,40.39096
-3.74279,40.38861
-3.74025,40.38829
-3.74074,40.38931
-3.74211,40.38902
-3.73764,40.39136
-3.73918,40.38889
-3.73777,40.38939
-3.73737,40.38962
-3.734835,40.391286
-3.73436,40.39081
-3.73773,40.38896
-3.7314,40.39089
-3.73122,40.39214
-3.73713,40.3891
-3.73382,40.39065
-3.73035,40.38991
-3.73558,40.38982
-3.73552578743,40.3886094716
-3.73244,40.39088
-3.7353001,40.3888016
-3.73334,40.39264
-3.7319,40.3885
-3.7243,40.39326
-3.72815,40.38773
-3.72927367687,40.3898555293
-3.72381,40.3929199
-3.72494,40.39224
-3.71855,40.39541
-3.72047,40.3920212
-3.71545,40.3915099
-3.71667,40.3982391
-3.71583,40.38817
-3.73129735239,40.3753401794
-3.70868,40.39215
-3.70628,40.3885
-3.70762,40.39314
-3.69763236054,40.3920252363
-3.702794,40.38968
-3.69765043259,40.3914203823
-3.70235,40.38991
-3.69855,40.3933899
-3.69517778,40.39109444
-3.695,40.3911
-3.6999,40.3899199
-3.69420791333,40.3911347956
-3.69456,40.38951
-3.70088294676,40.3894115008
-3.705965125,40.4088492875
-3.69328,40.39224
-3.69477,40.39051
-3.69414,40.38897
-3.69767,40.39319
-3.70199,40.3900999
-3.68998,40.38999
-3.68956,40.3890699
-3.6946001,40.3933487
-3.68799,40.3898811
-3.6909,40.38805
-3.66607,40.39195
-3.66965,40.3913
-3.66711,40.3900999
-3.66887569427,40.3886583719
-3.613,40.376
-3.65624867622,40.392534231
-3.65574359894,40.3917472399
-3.66230964661,40.3890833039
-3.66277217667,40.3903234247
-3.66326,40.3938293
-3.65657,40.39218
-3.64870614182,40.3885844242
-3.6505,40.39101
-3.65031,40.391
-3.64967,40.39194
-3.6531601,40.3890686
-3.64993,40.388
-3.64092,40.39224
-3.64302,40.39102
-3.64800810814,40.3918452969
-3.64217,40.39073
-3.64245147614,40.3888433763
-3.63483461,40.39073796
-3.6396609,40.3884857
-3.63608,40.39186
-3.6391399,40.3895111
-3.63464,40.38932
-3.62257003784,40.3899821898
-3.76271,40.3859
-3.76332606,40.3862498717
-3.76166,40.38736
-3.76088619232,40.3860106579
-3.74742,40.38349
-3.74583,40.38604
-3.74726,40.38382
-3.74568,40.38367
-3.74331492241,40.3858310016
-3.74236,40.38683
-3.73884,40.38711
-3.73989,40.38552
-3.73882,40.38491
-3.73952,40.38679
-3.73596310616,40.3873733447
-3.74436378479,40.3835262885
-3.73948,40.38696
-3.73846,40.38777
-3.73975038528,40.3866807682
-3.7390100956,40.3854876404
-3.74037265778,40.385258819
-3.73325,40.38768
-3.73284,40.38662
-3.72917,40.38675
-3.72658,40.38405
-3.72669,40.38542
-3.724417,40.3859901
-3.7284,40.38284
-3.72436,40.3857799
-3.72809886932,40.3855857065
-3.7282901,40.3861198
-3.72761,40.38523
-3.72083809197,40.3864434784
-3.71821,40.3846599
-3.7172,40.38464
-3.71098494543,40.3856326903
-3.70891,40.38572
-3.71112,40.38299
-3.70504,40.38566
-3.70946,40.3867
-3.7096701,40.3857384
-3.7040501,40.3867989
-3.70523,40.38671
-3.70796,40.38462
-3.70539,40.3867
-3.70886,40.38633
-3.71027,40.3916899
-3.70635,40.38543
-3.70764,40.38571
-3.7135893,40.3884452
-3.70461,40.38721
-3.70697,40.41713
-3.7028,40.38676
-3.70329,40.38643
-3.70254,40.38296
-3.70424746427,40.3844658336
-3.7018943,40.3871386
-3.7025001,40.3850098
-3.70208,40.38727
-3.70220847308,40.3873309882
-3.69944751263,40.3883846161
-3.69974,40.38449
-3.70032412253,40.3888847381
-3.70083,40.38636
-3.69756,40.3836
-3.69109,40.38879
-3.6981599,40.3838806
-3.69496822357,40.3918616397
-3.692654,40.3902878
-3.69169849213,40.3863332175
-3.69629,40.39222
-3.68998,40.38494
-3.67987001792,40.3914242588
-3.67341927253,40.3845269792
-3.71446371,40.34917204
-3.67123,40.38365
-3.666,40.38553
-3.66812,40.38657
-3.66188,40.38798
-3.6541,40.3853099
-3.6497,40.38579
-3.64989,40.38717
-3.64771,40.38738
-3.65278,40.38332
-3.64211,40.38559
-3.6521,40.38642
-3.64952,40.38754
-3.64458,40.38264
-3.61312866211,40.3842127682
-3.60885858536,40.3848992408
-3.60615,40.38285
-3.79872307361,40.3818558033
-3.77734,40.37961
-3.77919,40.38202
-3.77255,40.38037
-3.76688,40.37909
-3.74646,40.38234
-3.74892066538,40.3778772748
-3.74869,40.37882
-3.74406,40.3817499
-3.74079,40.38252
-3.74166,40.38099
-3.73315,40.38175
-3.72388889,40.38055556
-3.7144947052,40.3792111133
-3.71332526207,40.3808865456
-3.71147,40.38261
-3.70995,40.38288
-3.70187,40.38035
-3.70247936542,40.3835937514
-3.69569718877,40.3820748612
-3.6958663,40.3822396
-3.69429,40.38077
-3.69557,40.38331
-3.67239,40.38177
-3.67035,40.38096
-3.66721,40.38179
-3.66601,40.3832499
-3.66806,40.38303
-3.66341504172,40.3815570137
-3.66147662904,40.3794288214
-3.65986347198,40.3812052816
-3.65356,40.37955
-3.65472,40.37976
-3.64738140667,40.3815397333
-3.64958,40.3816599
-3.64904,40.38189
-3.6497099,40.3819389
-3.68832004667,40.35108998
-3.63692522049,40.3785409287
-3.62702,40.37956
-3.62668,40.38085
-3.62642,40.3788109
-3.6215,40.38038
-3.62292,40.37965
-3.6232,40.37997
-3.62374,40.37808
-3.62462997437,40.3817937135
-3.6236,40.38104
-3.62234,40.3783699
-3.62383335829,40.3780505455
-3.62088,40.37665
-3.61349912036,40.3810099644
-3.61683,40.37933
-3.62185657024,40.3781159301
-3.6071,40.38174
-3.6089015007,40.3823331048
-3.60568019,40.379344995
-3.7816,40.37761
-3.77985,40.37745
-3.77534,40.37605
-3.77481094631,40.3751184039
-3.7658,40.3761482
-3.75249,40.37578
-3.75317215919,40.3790558272
-3.75269,40.37786
-3.74017,40.3767
-3.7418824,40.3812112
-3.7401,40.3767
-3.734247725,40.3734329025
-3.7338243,40.3746338
-3.72643309832,40.3780077263
-3.69302448938,40.3752315022
-3.68966,40.37298
-3.64773988724,40.3759745504
-3.64466,40.3741
-3.64112,40.37501
-3.63577,40.37419
-3.62723,40.37445
-3.62082123756,40.3764976418
-3.6205,40.3758
-3.61900081,40.3726932267
-3.62231,40.37543
-3.62005,40.37426
-3.60965,40.37986
-3.61132,40.38055
-3.60634803772,40.379554376
-3.7747,40.37442
-3.75892,40.37224
-3.74970674515,40.3708905445
-3.7530899,40.3708496
-3.75333,40.3695717
-3.74571,40.36998
-3.74789,40.36959
-3.74896,40.37035
-3.74535083771,40.3693374758
-3.74277,40.3688999
-3.73903,40.37081
-3.7106099,40.3724098
-3.70787,40.36846
-3.71041,40.36974
-3.64090101716,40.3722204703
-3.6172099,40.3706703
-3.6179399,40.3677788
-3.61269950867,40.3706453255
-3.61355,40.3681
-3.60918,40.3700485
-3.59818008121,40.3689892341
-3.54892730713,40.3737513667
-3.77498614217,40.367518669
-3.75618,40.36815
-3.75389099121,40.3636235099
-3.76049995422,40.3708251528
-3.75959,40.36642
-3.74680995941,40.365822504
-3.7455642997,40.3701521752
-3.73872,40.36444
-3.74201,40.37156
-3.69164679098,40.367429769
-3.66311,40.36322
-3.62199,40.36746
-3.62321,40.3666
-3.61345,40.37009
-3.61831,40.37228
-3.60845,40.36772
-3.6021,40.36614
-3.60012,40.36656
-3.60066,40.36745
-3.59994,40.3666399
-3.59135,40.36661
-3.59079,40.36502
-3.54982852936,40.3682911778
-3.5499909,40.3659685
-3.5510649,40.3646061
-3.5505579,40.3646545
-3.54987,40.3643913
-3.54957896526,40.3661455292
-3.77657175064,40.3593806382
-3.78122,40.35882
-3.759,40.36222
-3.70883,40.36642
-3.7135,40.36645
-3.69841,40.36126
-3.6972,40.36132
-3.69894,40.36246
-3.69496,40.36033
-3.69708,40.35982
-3.69380950928,40.3596258981
-3.69421720505,40.3595604956
-3.68924580364,40.3579107936
-3.6648692295,40.360512798
-3.66048574448,40.3618086726
-3.548086155,40.363597755
-3.70316,40.41512
-3.714225,40.423205
-3.69582653046,40.3561921773
-3.69249471737,40.3542579562
-3.698913,40.353945
-3.69138743328,40.3573675537
-3.6987477,40.3543672617
-3.69554,40.3539
-3.68962,40.35384
-3.68768,40.35622
-3.6815,40.35333
-3.68357,40.35335
-3.6825,40.35371
-3.667254,40.37322
-3.5503199,40.3575783
-3.70454,40.3509712
-3.70905,40.3481499
-3.6989879,40.3496075
-3.70109,40.35033
-3.69213,40.3516
-3.69588,40.35165
-3.69133,40.3509
-3.68627037596,40.3508179928
-3.680344,40.3518013537
-3.54817,40.35322
-3.71343,40.34434
-3.70884,40.34692
-3.70978251821,40.3429836809
-3.71281,40.34455
-3.71139,40.34139
-3.71451147333,40.3450026042
-3.71087,40.34597
-3.7078,40.34492
-3.71156,40.34434
-3.71342,40.34394
-3.71267,40.34584
-3.70103,40.34818
-3.67658,40.3455086
-3.67679357529,40.3446961156
-3.70561122894,40.4796551267
-3.70257597417,40.4489848916
-3.68742156,40.43690693
-3.70257,40.41964
-3.7018001,40.4103203
-3.6900327,40.4227751
-3.802687,40.466393
-3.6517493,40.4492901
-3.6781353,40.3469576
-3.655877,40.39212
-3.700985,40.4378803
-3.748028,40.36848
-3.6362025,40.4349424
-3.7124762,40.44926
-3.7151807,40.3865704
-3.7129582,40.3777979
-3.6626852,40.4417949
-3.6550165,40.4547301