
lon,lat,district,topen,tclose
2.15277777778,41.4136111111,gràcia,8,21
2.15277777778,41.4136111111,gràcia,8,20
2.15277777778,41.4136111111,gràcia,8,20
2.1225,41.380833,les corts,9,19
2.17477798462,41.4038411876,eixample,9,20
2.17477798462,41.4038411876,eixample,9,20
2.17477798462,41.4038411876,eixample,9,20
2.16562,41.39253,eixample,11,20
2.1308789,41.4133492,sarrià - sant gervasi,10,20
2.1308789,41.4133492,sarrià - sant gervasi,10,20
2.13746,41.40014,sarrià - sant gervasi,13,23
2.13746,41.40014,sarrià - sant gervasi,11,23
2.08098,41.46831,None,9,13
2.08098,41.46831,None,9,11
2.08495,41.46586,None,9,17
2.08190917969,41.4694863825,None,9,17
2.08042,41.46919,None,9,19
2.08740234375,41.4591953795,None,8,18
2.1681099,41.4598808,nou barris,8,22
2.17718,41.46203,nou barris,10,13
2.1791999,41.46206,nou barris,9,13
2.1791999,41.46206,nou barris,9,13
2.17794,41.46115,nou barris,7,22
2.17794,41.46115,nou barris,7,22
2.17835,41.46065,nou barris,9,13
2.17835,41.46065,nou barris,9,13
2.17975,41.45532,nou barris,9,21
2.20178,41.45779,None,9,20
2.22189,41.4573402,None,7,21
2.22189,41.4573402,None,7,21
2.22254856812,41.4565742755,None,10,22
2.21732,41.45491,None,14,22
2.22316,41.45496,None,16,19
2.18004454009,41.4527035765,nou barris,10,0
2.17619,41.45379,nou barris,8,22
2.1877399,41.4529799,nou barris,10,19
2.18624,41.4495099,nou barris,8,20
2.18624,41.4495099,nou barris,8,20
2.19118,41.45163,sant andreu,9,21
2.19118,41.45163,sant andreu,9,21
2.18573829,41.45146705,nou barris,9,14
2.1855711937,41.4507201556,nou barris,8,13
2.1859099,41.45068,nou barris,7,15
2.19048,41.4496918,sant andreu,9,19
2.19071,41.44923,sant andreu,16,20
2.19071,41.44923,sant andreu,16,20
2.19213,41.45008,sant andreu,19,22
2.19034,41.44971,sant andreu,5,20
2.21847755,41.42956005,None,8,21
2.20387,41.4525,None,8,14
2.20909,41.45114,None,9,19
2.18165898378,41.4417816595,nou barris,10,14
2.17763,41.43995,nou barris,9,13
2.17763,41.43995,nou barris,9,13
2.17839,41.44263,nou barris,8,14
2.17404,41.4442,nou barris,18,21
2.17551,41.44422,nou barris,9,14
2.18439,41.44292,nou barris,9,0
2.18439,41.44292,nou barris,11,20
2.18506,41.4431,nou barris,9,20
2.1877301,41.4408989,sant andreu,10,20
2.1877301,41.4408989,sant andreu,10,13
2.18695,41.44095,sant andreu,10,20
2.18695,41.44095,sant andreu,10,20
2.18671,41.44244,sant andreu,10,14
2.18671,41.44244,sant andreu,10,13
2.18668,41.43902,sant andreu,10,14
2.18626,41.43915,sant andreu,9,13
2.19082945641,41.4418968702,sant andreu,9,14
2.19082945641,41.4418968702,sant andreu,9,14
2.1873999,41.43977,sant andreu,10,13
2.18726634979,41.4398149181,sant andreu,7,21
2.1911,41.44061,sant andreu,8,13
2.1911,41.44061,sant andreu,8,14
2.18873733337,41.4412816063,sant andreu,10,20
2.18839401062,41.4437265424,sant andreu,10,14
2.1902499,41.4420319,sant andreu,9,19
2.198789,41.44197,sant andreu,13,17
2.198499,41.441918,sant andreu,20,23
2.198499,41.441918,sant andreu,12,0
2.198499,41.441918,sant andreu,9,22
2.19311,41.439209,sant andreu,10,22
2.19311,41.439209,sant andreu,16,22
2.19114,41.44003,sant andreu,8,20
2.19984054565,41.4431767575,sant andreu,12,0
2.2010504509,41.4430149491,sant andreu,12,16
2.20022,41.4427499,sant andreu,12,23
2.19865366055,41.43956039,sant andreu,10,22
2.19865366055,41.43956039,sant andreu,10,22
2.225356,41.441997,None,9,13
2.15359,41.40036,gràcia,11,20
2.13282,41.43185,horta-guinardó,8,0
2.14424,41.43406,horta-guinardó,6,18
2.14424,41.43406,horta-guinardó,9,20
2.1427,41.43065,horta-guinardó,8,20
2.13871412,41.4292528175,horta-guinardó,8,17
2.14244,41.4303,horta-guinardó,7,1
2.140465,41.43028,horta-guinardó,10,14
2.14317,41.43089,horta-guinardó,10,14
2.14355,41.43195,horta-guinardó,9,14
2.14112,41.43023,horta-guinardó,10,22
2.14079,41.43147,horta-guinardó,10,2
2.14286,41.43226,horta-guinardó,10,15
2.14891872369,41.4309174859,horta-guinardó,6,22
2.14891872369,41.4309174859,horta-guinardó,8,22
2.15208469329,41.4311530888,horta-guinardó,13,16
2.15208469329,41.4311530888,horta-guinardó,13,16
2.14508,41.42958,horta-guinardó,8,23
2.14543,41.43003,horta-guinardó,9,18
2.14921,41.43325,horta-guinardó,8,18
2.09696634673,41.3600531035,None,15,20
2.1476799,41.43062,horta-guinardó,9,23
2.15007,41.43375,horta-guinardó,9,14
2.15089,41.43178,horta-guinardó,11,13
2.15089,41.43178,horta-guinardó,10,14
2.15029,41.4320183,horta-guinardó,9,14
2.15029,41.4320183,horta-guinardó,8,14
2.14823,41.4341,horta-guinardó,10,22
2.14882,41.4316699,horta-guinardó,13,16
2.14965,41.43373,horta-guinardó,9,14
2.14965,41.43373,horta-guinardó,9,14
2.1486,41.43401,horta-guinardó,8,14
2.15847665127,41.4326049587,horta-guinardó,9,23
2.15453916843,41.4329930699,horta-guinardó,21,23
2.1512699,41.42966,horta-guinardó,10,14
2.1512699,41.42966,horta-guinardó,10,14
2.15592,41.43156,horta-guinardó,9,16
2.15469,41.42997,horta-guinardó,8,14
2.15969,41.433,horta-guinardó,16,20
2.16091667105,41.4336407771,horta-guinardó,7,23
2.16091667105,41.4336407771,horta-guinardó,7,23
2.1621,41.43001,horta-guinardó,18,2
2.16064,41.4308,horta-guinardó,17,2
2.16064,41.4308,horta-guinardó,17,2
2.16064,41.4308,horta-guinardó,17,2
2.16073,41.43072,horta-guinardó,9,2
2.16031,41.4322815,horta-guinardó,17,21
2.1607299,41.4307213,horta-guinardó,9,0
2.1607299,41.4307213,horta-guinardó,9,0
2.16289066444,41.4304471922,horta-guinardó,7,19
2.16459,41.43096,horta-guinardó,20,22
2.1596,41.4296,horta-guinardó,8,14
2.1596,41.4296,horta-guinardó,8,14
2.16039,41.43018,horta-guinardó,17,20
2.16084,41.4328999,horta-guinardó,9,0
2.16084,41.4328999,horta-guinardó,7,0
2.16314822024,41.4306477856,horta-guinardó,10,15
2.16314822024,41.4306477856,horta-guinardó,11,15
2.1626,41.4299,horta-guinardó,0,16
2.1626,41.4299,horta-guinardó,13,16
2.1626,41.4299,horta-guinardó,13,16
2.1626,41.4299,horta-guinardó,13,16
2.15937,41.43099,horta-guinardó,10,20
2.15973615646,41.4298892375,horta-guinardó,8,14
2.15973615646,41.4298892375,horta-guinardó,10,20
2.15978980064,41.4314899969,horta-guinardó,17,21
2.16016931213,41.4321395617,horta-guinardó,10,13
2.16016931213,41.4321395617,horta-guinardó,10,13
2.16065883636,41.4300581637,horta-guinardó,10,20
2.15993,41.4300799,horta-guinardó,16,20
2.16303,41.43318,horta-guinardó,10,14
2.1606,41.42934,horta-guinardó,9,23
2.16070175171,41.4295835603,horta-guinardó,17,20
2.16315,41.43106,horta-guinardó,16,19
2.1583,41.43051,horta-guinardó,9,18
2.1583,41.43051,horta-guinardó,9,18
2.15908,41.43048,horta-guinardó,9,13
2.16297,41.4339299,horta-guinardó,9,13
2.16297,41.4339299,horta-guinardó,9,13
2.16028,41.42913,horta-guinardó,10,14
2.16028,41.42913,horta-guinardó,10,14
2.16115,41.43088,horta-guinardó,17,20
2.16074,41.4311,horta-guinardó,16,20
2.16074,41.4311,horta-guinardó,16,20
2.16338396072,41.4341524791,horta-guinardó,8,20
2.16338396072,41.4341524791,horta-guinardó,8,21
2.16070175171,41.4328252735,horta-guinardó,9,21
2.1604,41.43105,horta-guinardó,10,13
2.16102,41.43244,horta-guinardó,9,17
2.17018,41.43859,nou barris,8,14
2.17018,41.43859,nou barris,8,14
2.16799,41.43058,nou barris,7,20
2.17013,41.43363,nou barris,17,3
2.16333,41.43474,horta-guinardó,7,0
2.17259,41.4358,nou barris,8,23
2.1657,41.43466,nou barris,8,18
2.161075,41.436638,horta-guinardó,9,18
2.18265952644,41.3753027913,ciutat vella,11,23
2.18265952644,41.3753027913,ciutat vella,10,1
2.17072,41.43049,nou barris,13,23
2.1659099,41.42955,horta-guinardó,7,0
2.1687046,41.4310313,nou barris,8,14
2.1687046,41.4310313,nou barris,8,20
2.16231,41.43019,horta-guinardó,8,0
2.16231,41.43019,horta-guinardó,20,0
2.16682,41.43952,nou barris,8,0
2.16682,41.43952,nou barris,6,0
2.17032587315,41.4358150657,nou barris,8,23
2.16736,41.43555,nou barris,10,13
2.16292568168,41.3794539948,eixample,6,21
2.1729454,41.4363056,nou barris,7,0
2.1729454,41.4363056,nou barris,7,1
2.170129,41.437566,nou barris,9,14
2.17145606875,41.436599946,nou barris,8,18
2.164587,41.43927,nou barris,8,0
2.1655261,41.4382121404,nou barris,7,22
2.16719,41.4292,horta-guinardó,12,23
2.16499,41.43838,nou barris,8,0
2.1690299,41.43174,nou barris,18,3
2.16861,41.43854,nou barris,12,0
2.16861,41.43854,nou barris,9,20
2.1673701,41.4338188,nou barris,9,14
2.1699099,41.43286,nou barris,8,18
2.172319,41.434719,nou barris,11,21
2.1641901,41.4339981,horta-guinardó,10,13
2.18323333333,41.4305944444,sant andreu,9,17
2.17111,41.43819,nou barris,9,13
2.17111,41.43819,nou barris,9,13
2.16501,41.43915,nou barris,9,21
2.164167,41.430565,horta-guinardó,12,0
2.1656399,41.43109,horta-guinardó,9,14
2.17356,41.43044,nou barris,9,20
2.17262,41.43455,nou barris,9,20
2.17271,41.43437,nou barris,16,20
2.17248908645,41.4304562613,nou barris,7,0
2.17248908645,41.4304562613,nou barris,7,23
2.17359,41.43236,nou barris,9,17
2.1732,41.43044,nou barris,16,22
2.19754457474,41.4111920196,sant martí,10,20
2.17644,41.43051,nou barris,13,17
2.17422,41.43043,nou barris,9,21
2.17422,41.43043,nou barris,7,0
2.1760299,41.4301796,nou barris,11,23
2.1760299,41.4301796,nou barris,11,0
2.1760299,41.4301796,nou barris,11,23
2.19955,41.4184399,sant martí,10,14
2.19955,41.4184399,sant martí,9,15
2.19955,41.4184399,sant martí,7,13
2.1700499,41.43945,nou barris,13,0
2.1772,41.43082,nou barris,9,0
2.17375,41.42969,nou barris,9,20
2.17312,41.4354897,nou barris,20,2
2.17519000679,41.4294713807,nou barris,12,16
2.17519000679,41.4294713807,nou barris,12,16
2.17451,41.43114,nou barris,10,20
2.1732999,41.43187,nou barris,17,0
2.1728485,41.4351527,nou barris,10,13
2.17326,41.4379,nou barris,12,0
2.17326,41.4379,nou barris,12,0
2.17508,41.43163,nou barris,8,13
2.177767,41.432425,nou barris,7,21
2.18215942383,41.4326885296,nou barris,17,22
2.18062,41.4321098,nou barris,10,22
2.17968219574,41.430101284,nou barris,13,23
2.17968219574,41.430101284,nou barris,12,23
2.18368,41.4334599,sant andreu,8,1
2.18368,41.4334599,sant andreu,8,1
2.1812299,41.43137,nou barris,13,16
2.1812299,41.43137,nou barris,13,16
2.1812299,41.43137,nou barris,13,16
2.181551,41.4343389,nou barris,8,21
2.1851,41.43316,sant andreu,10,12
2.18056,41.43034,nou barris,12,16
2.18371791577,41.4333211741,sant andreu,8,20
2.18371791577,41.4333211741,sant andreu,11,12
2.18481,41.43251,sant andreu,7,14
2.17932,41.43381,nou barris,9,14
2.18083413,41.43014221,nou barris,9,13
2.17989,41.435207,nou barris,7,22
2.1824546,41.4300906,sant andreu,11,1
2.17847,41.43037,nou barris,9,14
2.18932,41.43374,sant andreu,7,21
2.1859799,41.43405,sant andreu,9,23
2.191594,41.433678,sant andreu,10,14
2.19186,41.43457,sant andreu,10,21
2.18924,41.4325485,sant andreu,8,21
2.18924,41.4325485,sant andreu,8,21
2.1873,41.43085,sant andreu,9,14
2.18449,41.43051,sant andreu,17,2
2.18449,41.43051,sant andreu,8,23
2.18448,41.4296099,sant andreu,10,19
2.18935,41.43289,sant andreu,10,23
2.18935,41.43289,sant andreu,10,23
2.1870628909,41.4300954685,sant andreu,13,15
2.14988,41.37591,eixample,19,23
2.14988,41.37591,eixample,19,0
2.14988,41.37591,eixample,10,22
2.18943,41.43376,sant andreu,12,1
2.18943,41.43376,sant andreu,12,1
2.18944,41.43065,sant andreu,10,14
2.18641347934,41.4292695553,sant andreu,6,23
2.18641347934,41.4292695553,sant andreu,6,23
2.18469717743,41.429966927,sant andreu,11,13
2.18469717743,41.429966927,sant andreu,11,13
2.186,41.43003,sant andreu,16,23
2.186,41.43003,sant andreu,8,0
2.1898399,41.43211,sant andreu,9,19
2.186403,41.434796,sant andreu,9,20
2.15537,41.39321,eixample,8,23
2.18402,41.4337311,sant andreu,8,14
2.18402,41.4337311,sant andreu,8,14
2.18639,41.43428,sant andreu,9,13
2.18438,41.43527,sant andreu,7,22
2.18908,41.43124,sant andreu,13,22
2.18908,41.43124,sant andreu,13,16
2.19349,41.43143,sant andreu,10,17
2.19349,41.43143,sant andreu,9,17
2.1917,41.43208,sant andreu,8,20
2.20125135826,41.3880036028,sant martí,10,1
2.20125135826,41.3880036028,sant martí,11,1
2.1921,41.43461,sant andreu,9,14
2.1938049,41.429388,sant andreu,9,14
2.19524651,41.43418822,sant andreu,10,1
2.19524651,41.43418822,sant andreu,10,1
2.19215,41.43448,sant andreu,16,20
2.19102257545,41.4305155533,sant andreu,9,15
2.18999223,41.43807271,sant andreu,9,19
2.1888899,41.43023,sant andreu,10,13
2.19114210531,41.4333689121,sant andreu,9,14
2.1913337117,41.4360214643,sant andreu,9,1
2.1913337117,41.4360214643,sant andreu,9,1
2.13613,41.40257,sarrià - sant gervasi,8,21
2.19406555125,41.4318347752,sant andreu,9,13
2.19406555125,41.4318347752,sant andreu,9,13
2.18899,41.43474,sant andreu,17,20
2.18804,41.43448,sant andreu,10,14
2.18804,41.43448,sant andreu,17,20
2.20254,41.43422,sant andreu,9,22
2.20254,41.43422,sant andreu,9,12
2.2005,41.43288,sant andreu,8,17
2.20535,41.43494,sant andreu,10,18
2.21632,41.43153,None,8,0
2.21546173096,41.4325598292,None,9,14
2.21945431877,41.431785298,None,11,1
2.21992492676,41.4346511797,None,9,17
2.21992492676,41.4346511797,None,9,19
2.2188949585,41.4320611125,None,9,13
2.2188949585,41.4320611125,None,9,13
2.23041,41.43429,None,9,19
2.22109436989,41.4357410683,None,10,21
2.12083664589,41.4253301764,sarrià - sant gervasi,0,0
2.129565,41.4284897,horta-guinardó,8,13
2.12909,41.42835,horta-guinardó,9,19
2.13746,41.42687,horta-guinardó,9,14
2.13278623668,41.4255785662,horta-guinardó,9,16
2.13767,41.42541,horta-guinardó,9,19
2.1355779,41.427048,horta-guinardó,9,16
2.14618574,41.4259105,horta-guinardó,10,23
2.14437,41.42808,horta-guinardó,7,22
2.14023744113,41.4247055228,horta-guinardó,10,21
2.14023744113,41.4247055228,horta-guinardó,10,21
2.14023744113,41.4247055228,horta-guinardó,10,21
2.13752,41.42474,horta-guinardó,9,18
2.1419499,41.4291382,horta-guinardó,15,20
2.1471,41.4268684,horta-guinardó,9,14
2.14345,41.4280014,horta-guinardó,8,17
2.15438,41.42895,horta-guinardó,6,22
2.15861076172,41.4283878702,horta-guinardó,9,14
2.15713018234,41.4252464941,horta-guinardó,17,21
2.15863,41.42824,horta-guinardó,8,14
2.15582,41.42915,horta-guinardó,10,14
2.15582,41.42915,horta-guinardó,10,14
2.15708,41.42527,horta-guinardó,9,13
2.15815,41.42703,horta-guinardó,9,13
2.15815,41.42703,horta-guinardó,9,13
2.15472,41.42525,horta-guinardó,9,17
2.15667,41.42602,horta-guinardó,9,14
2.15336,41.42587,horta-guinardó,9,13
2.15795114894,41.4276579443,horta-guinardó,10,13
2.15795114894,41.4276579443,horta-guinardó,10,13
2.15666884239,41.4260791144,horta-guinardó,9,14
2.15666884239,41.4260791144,horta-guinardó,9,14
2.15986,41.42843,horta-guinardó,10,14
2.1537799,41.42562,horta-guinardó,9,20
2.15627187546,41.4248161017,horta-guinardó,16,20
2.15859015,41.42826267,horta-guinardó,10,14
2.15735,41.42645,horta-guinardó,17,20
2.15735,41.42645,horta-guinardó,17,20
2.15494,41.42648,horta-guinardó,10,13
2.15361,41.4253799,horta-guinardó,9,20
2.15948599206,41.4296335985,horta-guinardó,8,20
2.16027,41.4285202,horta-guinardó,16,20
2.15872,41.42946,horta-guinardó,19,0
2.16495777223,41.4286550245,horta-guinardó,11,13
2.16127151306,41.42968299,horta-guinardó,13,0
2.16127151306,41.42968299,horta-guinardó,13,0
2.1981599149,41.440529303,sant andreu,13,16
2.20243,41.4440384,sant andreu,8,20
2.19897917706,41.4399043541,sant andreu,12,23
2.20472,41.44324,sant andreu,8,19
2.20472,41.44324,sant andreu,8,19
2.19841362751,41.440123238,sant andreu,10,22
2.19841362751,41.440123238,sant andreu,10,22
2.2002201,41.442749,sant andreu,10,0
2.16752,41.38791,eixample,9,0
2.19816185,41.44014691,sant andreu,13,0
2.19984105372,41.4406479455,sant andreu,10,13
2.20002248317,41.4414234696,sant andreu,10,13
2.198521,41.440414,sant andreu,13,16
2.198521,41.440414,sant andreu,13,16
2.19794422388,41.4400481614,sant andreu,13,16
2.19773769379,41.4404744315,sant andreu,9,13
2.20153733434,41.4429872014,sant andreu,16,20
2.20153733434,41.4429872014,sant andreu,16,20
2.19981908798,41.4432410973,sant andreu,9,13
2.19763040543,41.4404744315,sant andreu,9,21
2.20003,41.44217,sant andreu,8,16
2.20226,41.43954,sant andreu,8,18
2.20226,41.43954,sant andreu,8,18
2.20381,41.44091,sant andreu,9,14
2.20194339752,41.4414073901,sant andreu,9,14
2.20676,41.4421,sant andreu,20,0
2.20467,41.44086,sant andreu,10,14
2.20467,41.44086,sant andreu,9,14
2.20374584198,41.4397747037,sant andreu,9,14
2.2058,41.44216,sant andreu,9,18
2.20606327057,41.4422759947,sant andreu,9,15
2.20606327057,41.4422759947,sant andreu,9,15
2.20604427,41.44110081,sant andreu,8,18
2.20572,41.44111,sant andreu,7,15
2.21259,41.4442902,None,9,14
2.21014735632,41.4443933953,None,8,14
2.21014735632,41.4443933953,None,15,20
2.21976530092,41.442475969,None,7,23
2.219537,41.444721,None,8,18
2.219784,41.444536,None,8,14
2.219593,41.443746,None,10,13
2.21678378449,41.4099021817,sant martí,10,21
2.21678378449,41.4099021817,sant martí,10,20
2.21678378449,41.4099021817,sant martí,14,23
2.2254999,41.44361,None,10,14
2.2312997,41.441285,None,9,19
2.13143020593,41.43451508,horta-guinardó,11,14
2.13213199432,41.4341875531,horta-guinardó,11,14
2.13134765625,41.4427263777,horta-guinardó,10,20
2.14363496196,41.4393791959,horta-guinardó,7,17
2.14363496196,41.4393791959,horta-guinardó,8,20
2.14145050127,41.4366766956,horta-guinardó,10,18
2.1476469,41.4358106,horta-guinardó,17,20
2.14233398438,41.4427263777,horta-guinardó,9,14
2.14459890182,41.4386918037,horta-guinardó,8,21
2.14285,41.4365499,horta-guinardó,9,18
2.14799,41.43482,horta-guinardó,9,19
2.15182387142,41.4359686112,horta-guinardó,10,20
2.15221637543,41.4354101663,horta-guinardó,10,20
2.15221637543,41.4354101663,horta-guinardó,10,20
2.14741716826,41.4363409285,horta-guinardó,17,20
2.14741716826,41.4363409285,horta-guinardó,17,20
2.14958,41.43718,horta-guinardó,11,14
2.15243048452,41.4361171403,horta-guinardó,13,18
2.15243048452,41.4361171403,horta-guinardó,13,16
2.15243048452,41.4361171403,horta-guinardó,13,16
2.15621305233,41.4396236143,horta-guinardó,8,22
2.15691,41.4377799,horta-guinardó,9,22
2.15579,41.4373099,horta-guinardó,6,23
2.15785,41.43615,horta-guinardó,10,14
2.1577001,41.4370689,horta-guinardó,9,13
2.15943,41.44102,horta-guinardó,8,17
2.15943,41.44102,horta-guinardó,8,18
2.16655,41.4403099,nou barris,9,22
2.16655,41.4403099,nou barris,10,22
2.16122,41.43595,horta-guinardó,0,0
2.15856,41.4346504,horta-guinardó,8,18
2.16645,41.43902,nou barris,9,14
2.16000495,41.43523978,horta-guinardó,10,20
2.1636604,41.4393369,nou barris,9,19
2.1636604,41.4393369,nou barris,9,19
2.16443,41.43957,nou barris,9,21
2.16559,41.43857,nou barris,9,13
2.1644,41.44197,nou barris,7,14
2.1644,41.44197,nou barris,7,14
2.167489928,41.438535433,nou barris,10,22
2.167489928,41.438535433,nou barris,10,22
2.17050790787,41.4365333375,nou barris,10,20
2.17050790787,41.4365333375,nou barris,10,20
2.16902908833,41.4364366465,nou barris,9,19
2.16953271683,41.4375657704,nou barris,10,14
2.17239,41.43738,nou barris,9,23
2.17239,41.43738,nou barris,9,0
2.1665899,41.4441,nou barris,9,17
2.17019,41.44317,nou barris,10,22
2.17144,41.43486,nou barris,9,14
2.17191451843,41.4344771215,nou barris,18,2
2.1764899,41.43741,nou barris,10,14
2.17837,41.43824,nou barris,15,21
2.17837,41.43824,nou barris,9,21
2.1752262357,41.439477116,nou barris,10,14
2.17175,41.43584,nou barris,10,14
2.1718799,41.43422,nou barris,9,13
2.18106788999,41.4351705616,nou barris,10,22
2.18106788999,41.4351705616,nou barris,10,22
2.18348380835,41.4366715283,sant andreu,8,12
2.18191789854,41.4360598364,nou barris,9,21
2.18191789854,41.4360598364,nou barris,10,22
2.18184045115,41.4355194896,nou barris,12,0
2.18034,41.44459,nou barris,11,21
2.17902,41.4373999,nou barris,8,18
2.17902,41.4373999,nou barris,8,18
2.17716,41.44392,nou barris,8,22
2.18098546133,41.4351560343,nou barris,13,23
2.21883,41.45109,None,9,22
2.1933,41.388,ciutat vella,10,1
2.20065593333,41.3885725509,sant martí,7,0
2.20065593333,41.3885725509,sant martí,7,1
2.22117,41.45153,None,10,22
2.22117,41.45153,None,11,22
2.17711242221,41.4421509744,nou barris,9,20
2.17456,41.44218,nou barris,10,23
2.17456,41.44218,nou barris,10,23
2.17565,41.4429,nou barris,10,22
2.1795,41.4426599,nou barris,10,14
2.1795,41.4426599,nou barris,9,14
2.1822901,41.4433289,nou barris,10,13
2.17399,41.44019,nou barris,8,1
2.17399,41.44019,nou barris,8,1
2.17959,41.43915,nou barris,9,14
2.17959,41.43915,nou barris,9,21
2.17686,41.4399,nou barris,7,23
2.1817827,41.4413948,nou barris,8,0
2.1817827,41.4413948,nou barris,8,23
2.1810929575,41.4350577775,nou barris,11,23
2.17815,41.44039,nou barris,8,22
2.17544499,41.44296113,nou barris,8,18
2.18184166977,41.4398892801,nou barris,8,20
2.18509,41.43679,sant andreu,17,21
2.17103,41.44573,nou barris,9,22
2.17103,41.44573,nou barris,9,0
2.167096138,41.4443348628,nou barris,8,21
2.17708,41.44577,nou barris,10,23
2.17504733856,41.446139218,nou barris,16,22
2.17691,41.44726,nou barris,11,16
2.17691,41.44726,nou barris,11,16
2.17308,41.44607,nou barris,9,14
2.17670917511,41.4461845715,nou barris,12,0
2.17670917511,41.4461845715,nou barris,12,17
2.1718099,41.44506,nou barris,10,14
2.1718099,41.44506,nou barris,10,14
2.17671185732,41.4467837049,nou barris,10,14
2.17727,41.44517,nou barris,10,14
2.17727,41.44517,nou barris,10,14
2.17885,41.44806,nou barris,9,19
2.1804,41.44873,nou barris,16,20
2.18296,41.4456902,nou barris,8,19
2.18296,41.4456902,nou barris,8,19
2.1822499,41.44868,nou barris,9,19
2.1822499,41.44868,nou barris,9,20
2.1842699,41.4479485,nou barris,8,14
2.1842699,41.4479485,nou barris,8,14
2.18265,41.4446,nou barris,15,20
2.18296,41.44569,nou barris,9,14
2.18232,41.4451899,nou barris,10,19
2.18232,41.4451899,nou barris,10,20
2.17906951904,41.4453642724,nou barris,10,15
2.17695,41.44691,nou barris,9,13
2.17837,41.44401,nou barris,10,14
2.17837,41.44401,nou barris,10,14
2.18391,41.44553,nou barris,8,14
2.17331,41.44695,nou barris,9,19
2.179919,41.440245,nou barris,8,13
2.17044296935,41.3860281565,eixample,11,2
2.17044296935,41.3860281565,eixample,11,2
2.17896,41.44142,nou barris,10,13
2.18034,41.44061,nou barris,8,14
2.1799,41.43525,nou barris,10,22
2.17794,41.44338,nou barris,8,14
2.18325409488,41.44601289,nou barris,8,23
2.17524,41.43882,nou barris,9,0
2.18783,41.43822,sant andreu,7,19
2.19056,41.4419,sant andreu,9,13
2.18962,41.4352684,sant andreu,7,0
2.18962,41.4352684,sant andreu,8,0
2.18962,41.4352684,sant andreu,7,0
2.18962,41.4352684,sant andreu,7,0
2.19076,41.4376,sant andreu,8,17
2.19076,41.4376,sant andreu,8,17
2.1786,41.44555,nou barris,8,13
2.17749,41.44428,nou barris,8,14
2.17884534653,41.4448725745,nou barris,10,13
2.17658,41.4451899,nou barris,9,13
2.1782977,41.4445932,nou barris,9,18
2.1782977,41.4445932,nou barris,9,14
2.18712391443,41.4469300118,nou barris,6,15
2.18993029133,41.4485527487,sant andreu,6,1
2.18993029133,41.4485527487,sant andreu,6,0
2.18928,41.44499,sant andreu,10,18
2.18928,41.44499,sant andreu,9,14
2.18603,41.44579,nou barris,16,20
2.19049572945,41.4489349103,sant andreu,10,17
2.18849,41.44518,sant andreu,9,21
2.1859676,41.4440188,sant andreu,8,20
2.1859676,41.4440188,sant andreu,8,20
2.18433,41.44513,nou barris,8,13
2.1881137,41.4442801,sant andreu,9,18
2.20275,41.44656,sant andreu,12,16
2.20275,41.44656,sant andreu,12,16
2.2019599,41.444813355,sant andreu,9,19
2.2019599,41.444813355,sant andreu,9,19
2.2029358,41.4466857,sant andreu,8,13
2.2029358,41.4466857,sant andreu,8,13
2.20004,41.44634,sant andreu,9,19
2.20004,41.44634,sant andreu,9,19
2.2065899,41.4483604,None,10,14
2.19126,41.43841,sant andreu,8,16
2.18842083271,41.4347867973,sant andreu,8,14
2.18981,41.43586,sant andreu,10,14
2.18981,41.43586,sant andreu,7,21
2.1895699,41.43495,sant andreu,8,14
2.18701,41.43842,sant andreu,9,17
2.18701,41.43842,sant andreu,9,17
2.19227,41.43915,sant andreu,7,9
2.18823912271,41.4373768084,sant andreu,9,17
2.18823912271,41.4373768084,sant andreu,9,17
2.18823912271,41.4373768084,sant andreu,9,17
2.19097312652,41.4417035472,sant andreu,17,0
2.18981,41.43622,sant andreu,11,16
2.18623,41.43908,sant andreu,8,19
2.1866,41.43992,sant andreu,10,13
2.18719,41.4422,sant andreu,13,16
2.18977,41.43613,sant andreu,10,14
2.18977,41.43613,sant andreu,10,14
2.190589,41.4416554,sant andreu,13,0
2.18707,41.43863,sant andreu,10,20
2.188993,41.438845,sant andreu,12,16
2.2043,41.44509,sant andreu,8,17
2.21357929296,41.4495515713,None,9,15
2.188413,41.434906,sant andreu,9,14
2.18968,41.43499,sant andreu,10,14
2.192,41.43794,sant andreu,12,21
2.18914,41.4347,sant andreu,7,14
2.1913129,41.4381119,sant andreu,12,0
2.1913129,41.4381119,sant andreu,13,0
2.18706363495,41.4408794698,sant andreu,9,21
2.18706363495,41.4408794698,sant andreu,9,21
2.1871701,41.4407842,sant andreu,8,13
2.1871701,41.4407842,sant andreu,9,11
2.18703880528,41.4407277449,sant andreu,10,13
2.19073,41.44077,sant andreu,11,17
2.189633,41.437699,sant andreu,9,13
2.18151,41.44238,nou barris,9,23
2.18040746,41.43731272,nou barris,9,21
2.18695,41.4408,sant andreu,8,13
2.19283,41.43634,sant andreu,10,14
2.19588,41.43694,sant andreu,9,14
2.19186,41.4345703,sant andreu,10,21
2.19186,41.4345703,sant andreu,10,21
2.1983799,41.4388099,sant andreu,9,13
2.1890299,41.43807,sant andreu,19,23
2.19627,41.4356499,sant andreu,9,18
2.19062561073,41.4366649091,sant andreu,9,12
2.21273,41.44733,None,17,1
2.18945,41.43715,sant andreu,17,20
2.19050645828,41.4378926398,sant andreu,9,21
2.1882,41.43827,sant andreu,8,17
2.1882,41.43827,sant andreu,8,18
2.18889,41.4354515,sant andreu,10,14
2.1896399,41.43471,sant andreu,9,14
2.18937,41.43598,sant andreu,9,13
2.18937,41.43598,sant andreu,9,13
2.2033821946,41.4373003454,sant andreu,8,22
2.20364,41.4373,sant andreu,10,20
2.20175,41.43717,sant andreu,10,14
2.20175,41.43717,sant andreu,10,14
2.1954632,41.4353537,sant andreu,9,13
2.19732,41.4353399,sant andreu,10,21
2.20113,41.43606,sant andreu,9,19
2.20113,41.43606,sant andreu,9,19
2.20694,41.43673,sant andreu,15,19
2.17638888889,41.3838888889,ciutat vella,8,12
2.22651,41.44161,None,8,13
2.21977,41.44925,None,11,14
2.21838,41.44931,None,9,13
2.2148199,41.4510117,None,12,1
2.14555555556,41.4402777778,horta-guinardó,10,20
2.14555555556,41.4402777778,horta-guinardó,10,19
2.14555555556,41.4402777778,horta-guinardó,10,20
2.16153850125,41.4415131487,nou barris,9,23
2.16156067,41.44153094,nou barris,10,14
2.16379165649,41.4418778857,nou barris,10,20
2.16362,41.4398399,nou barris,10,23
2.16362,41.4398399,nou barris,10,23
2.16935,41.44385,nou barris,10,17
2.17237899752,41.4406605412,nou barris,6,23
2.17719,41.44098,nou barris,8,2
2.17719,41.44098,nou barris,9,1
2.17719,41.44098,nou barris,8,2
2.17719,41.44098,nou barris,8,1
2.17489,41.44276,nou barris,10,23
2.17742264271,41.4405629022,nou barris,13,0
2.17656,41.44177,nou barris,10,20
2.17684,41.44123,nou barris,9,20
2.17684,41.44123,nou barris,10,13
2.1789299,41.44302,nou barris,9,13
2.1746,41.44298,nou barris,9,14
2.17502132682,41.4428149664,nou barris,9,13
2.17427,41.44072,nou barris,9,23
2.17735,41.44183,nou barris,9,13
2.17776,41.44213,nou barris,10,20
2.17631,41.44197,nou barris,17,20
2.17971,41.44286,nou barris,12,23
2.18285,41.4418,nou barris,9,19
2.17988765261,41.4415114249,nou barris,9,22
2.17988765261,41.4415114249,nou barris,9,22
2.17807,41.43962,nou barris,17,20
2.17807,41.43962,nou barris,17,20
2.17804,41.443,nou barris,10,13
2.17804,41.443,nou barris,10,14
2.1828101,41.4399681,nou barris,18,22
2.1828101,41.4399681,nou barris,18,22
2.17929,41.4427499,nou barris,11,23
2.17793,41.43924,nou barris,10,19
2.17858,41.44104,nou barris,8,21
2.17858,41.44104,nou barris,8,21
2.17754,41.44356,nou barris,10,14
2.17387,41.44224,nou barris,9,20
2.18078,41.44316,nou barris,9,13
2.1826799,41.4436684,nou barris,8,20
2.17936,41.44272,nou barris,9,13
2.17605,41.44112,nou barris,8,13
2.18099,41.44215,nou barris,10,20
2.18099,41.44215,nou barris,10,20
2.1816499,41.4433784,nou barris,8,14
2.15934,41.42899,horta-guinardó,10,14
2.16581,41.42709,horta-guinardó,7,23
2.16581,41.42709,horta-guinardó,7,23
2.1588599,41.42983,horta-guinardó,9,21
2.15955943773,41.4294310949,horta-guinardó,8,14
2.16017,41.4261399,horta-guinardó,7,22
2.16017,41.4261399,horta-guinardó,7,22
2.16100582,41.43008056,horta-guinardó,9,1
2.16256970222,41.429216428,horta-guinardó,10,1
2.16256970222,41.429216428,horta-guinardó,9,0
2.16256970222,41.429216428,horta-guinardó,9,0
2.1653699,41.42763,horta-guinardó,13,16
2.16069,41.42985,horta-guinardó,7,14
2.16099,41.43005,horta-guinardó,17,21
2.15697348118,41.4246603513,horta-guinardó,10,14
2.15697348118,41.4246603513,horta-guinardó,10,14
2.18674,41.40121,sant martí,15,19
2.1617168,41.4293417,horta-guinardó,9,23
2.1617168,41.4293417,horta-guinardó,9,23
2.15746917,41.42739822,horta-guinardó,6,22
2.160121,41.429133,horta-guinardó,11,20
2.1596601,41.4291382,horta-guinardó,10,20
2.15924,41.42891,horta-guinardó,9,14
2.15966,41.4291399,horta-guinardó,10,20
2.16211,41.429,horta-guinardó,9,21
2.16211,41.429,horta-guinardó,9,21
2.16009,41.4291399,horta-guinardó,11,14
2.1595399,41.43003,horta-guinardó,8,0
2.15925,41.42976,horta-guinardó,7,21
2.160321,41.429752,horta-guinardó,9,14
2.16017,41.43047,horta-guinardó,21,2
2.1576307,41.4247488,horta-guinardó,9,20
2.1576307,41.4247488,horta-guinardó,9,20
2.15501,41.42655,horta-guinardó,9,13
2.15901,41.43006,horta-guinardó,9,14
2.16275967658,41.4286579751,horta-guinardó,7,16
2.16105,41.43001,horta-guinardó,16,22
2.1591999,41.42988,horta-guinardó,9,14
2.16066,41.42973,horta-guinardó,8,14
2.16066,41.42973,horta-guinardó,8,13
2.15923303421,41.4298840932,horta-guinardó,8,21
2.15994,41.42848,horta-guinardó,9,19
2.1659799,41.42978,nou barris,20,21
2.16771954353,41.4273260136,horta-guinardó,10,17
2.17218000598,41.4282496283,nou barris,10,20
2.16935252,41.428393085,nou barris,8,2
2.16561,41.43001,nou barris,8,14
2.16561,41.43001,nou barris,8,14
2.17177,41.42803,nou barris,8,21
2.16575,41.42946,horta-guinardó,9,18
2.1665,41.42939,horta-guinardó,9,14
2.16524,41.42431,horta-guinardó,9,21
2.16641062553,41.4282511169,horta-guinardó,8,23
2.16741,41.4265199,horta-guinardó,9,13
2.17185,41.4267616,nou barris,10,14
2.17185,41.4267616,nou barris,10,14
2.16559,41.4304008,nou barris,7,0
2.1698401,41.4276199,horta-guinardó,9,17
2.1698401,41.4276199,horta-guinardó,9,17
2.16661,41.42978,nou barris,10,14
2.16661,41.42978,nou barris,9,14
2.17130054422,41.4275743823,nou barris,9,21
2.17130054422,41.4275743823,nou barris,9,19
2.17266,41.42976,nou barris,10,14
2.17266,41.42976,nou barris,10,14
2.17607,41.4295502,nou barris,11,17
2.17355,41.42882,nou barris,10,18
2.17682705,41.4267417366,nou barris,7,23
2.17682705,41.4267417366,nou barris,7,23
2.17625,41.4251,sant andreu,12,23
2.17377,41.42656,nou barris,9,13
2.17377,41.42656,nou barris,15,20
2.1769,41.42542,sant andreu,9,19
2.1769,41.42542,sant andreu,9,19
2.1731601,41.4263992,nou barris,9,21
2.1738,41.4267807,nou barris,13,0
2.168071,41.388077,eixample,7,22
2.168071,41.388077,eixample,7,23
2.17582,41.42819,nou barris,20,2
2.17376947403,41.4259957684,nou barris,10,14
2.17225032091,41.4292619884,nou barris,9,19
2.17317,41.42874,nou barris,9,14
2.17317,41.42874,nou barris,9,14
2.17262,41.42656,nou barris,8,21
2.17470892956,41.4282524649,nou barris,12,16
2.17643,41.4273987,nou barris,16,20
2.17643,41.4273987,nou barris,16,20
2.17643,41.4273987,nou barris,16,20
2.17546068872,41.4283115534,nou barris,20,0
2.18843480707,41.3773445285,ciutat vella,12,1
2.18843480707,41.3773445285,ciutat vella,12,1
2.18843480707,41.3773445285,ciutat vella,12,1
2.173749,41.429668,nou barris,9,20
2.17202,41.4299,nou barris,9,14
2.17176431473,41.4302460774,nou barris,9,13
2.17282,41.42994,nou barris,10,13
2.17282,41.42994,nou barris,9,13
2.17289,41.42878,nou barris,8,21
2.1726438788,41.4286281027,nou barris,17,21
2.17311,41.42781,nou barris,10,14
2.17539066132,41.4272375248,nou barris,17,20
2.1785199,41.43014,nou barris,9,13
2.1785199,41.43014,nou barris,9,13
2.17278,41.43063,nou barris,10,13
2.18498,41.42792,sant andreu,8,19
2.18498,41.42792,sant andreu,8,15
2.1806017,41.4290997,sant andreu,8,14
2.17823,41.42523,sant andreu,10,23
2.17823,41.42523,sant andreu,10,23
2.17177040883,41.3934500257,eixample,8,0
2.17177040883,41.3934500257,eixample,8,0
2.17925,41.42948,nou barris,9,14
2.18318,41.4255799,sant andreu,20,0
2.18318,41.4255799,sant andreu,13,1
2.18318,41.4255799,sant andreu,8,16
2.18318,41.4255799,sant andreu,8,1
2.1825199,41.42619,sant andreu,11,12
2.1825199,41.42619,sant andreu,11,12
2.18424297927,41.4257470773,sant andreu,6,8
2.17989,41.42818,sant andreu,17,21
2.18116,41.42784,sant andreu,15,19
2.18251,41.42974,nou barris,8,23
2.18577590502,41.4273396254,sant andreu,11,21
2.17887,41.43013,nou barris,10,13
2.1805601,41.4246407,sant andreu,18,23
2.18473207154,41.4279396003,sant andreu,9,13
2.18199962433,41.4259504008,sant andreu,17,20
2.18199962433,41.4259504008,sant andreu,8,18
2.17892,41.42962,nou barris,10,13
2.17916,41.42941,nou barris,9,20
2.17892,41.4296188,nou barris,7,18
2.18099,41.43033,sant andreu,6,20
2.18425,41.42902,sant andreu,9,21
2.18092,41.42958,nou barris,10,14
2.1797099,41.4303749,nou barris,11,23
2.17983,41.42531,sant andreu,10,13
2.178718,41.429443,nou barris,8,14
2.18254,41.42662,sant andreu,12,17
2.17869,41.43036,nou barris,10,20
2.18445,41.43005,sant andreu,9,23
2.18181,41.4305,nou barris,10,13
2.186235,41.430064,sant andreu,12,0
2.18535026848,41.4261609028,sant andreu,6,0
2.18577,41.42674,sant andreu,12,23
2.18700677236,41.4266806026,sant andreu,10,20
2.18700677236,41.4266806026,sant andreu,8,20
2.18629,41.4300308,sant andreu,8,21
2.18920940216,41.4251539801,sant andreu,10,2
2.18931555748,41.4250384541,sant andreu,10,22
2.18741769971,41.4284522454,sant andreu,9,16
2.1911299,41.42602,sant andreu,10,23
2.1911299,41.42602,sant andreu,10,14
2.18989,41.4251999,sant andreu,17,22
2.18534,41.4293,sant andreu,9,17
2.18534,41.4293,sant andreu,9,18
2.18882,41.42555,sant andreu,10,14
2.1861,41.426239,sant andreu,10,14
2.18591281193,41.430134596,sant andreu,9,10
2.18656,41.4302599,sant andreu,9,13
2.18825,41.4258,sant andreu,9,16
2.18943,41.42924,sant andreu,8,20
2.185518,41.425406,sant andreu,9,20
2.1876,41.42871,sant andreu,9,14
2.1659501,41.389061,eixample,7,1
2.1659501,41.389061,eixample,8,1
2.1659501,41.389061,eixample,12,15
2.18486309052,41.4285539004,sant andreu,10,13
2.18486309052,41.4285539004,sant andreu,9,19
2.18790048416,41.4297312548,sant andreu,8,14
2.1861,41.42624,sant andreu,12,23
2.18752384186,41.4303397064,sant andreu,9,23
2.18888719202,41.4308603909,sant andreu,6,0
2.18606,41.43057,sant andreu,10,14
2.18606,41.43057,sant andreu,10,14
2.18536,41.43003,sant andreu,10,20
2.18546,41.43083,sant andreu,8,15
2.18702,41.42425,sant andreu,9,14
2.18657,41.43062,sant andreu,13,16
2.19036,41.42861,sant andreu,10,13
2.19253,41.4289,sant andreu,6,21
2.19229907444,41.4244171403,sant andreu,10,0
2.19046,41.42495,sant andreu,13,0
2.19046,41.42495,sant andreu,13,0
2.19033,41.42458,sant andreu,13,0
2.19124,41.42939,sant andreu,17,20
2.19124,41.42939,sant andreu,17,20
2.19265,41.43001,sant andreu,9,19
2.192454,41.429967,sant andreu,10,13
2.19293117523,41.4290687324,sant andreu,9,19
2.1921899,41.4299583,sant andreu,9,13
2.19135,41.42926,sant andreu,9,19
2.19180099242,41.4285361482,sant andreu,8,19
2.1929526329,41.4303236183,sant andreu,9,14
2.19250202179,41.4301627368,sant andreu,10,13
2.19114829361,41.4303407649,sant andreu,9,20
2.192178,41.425667,sant andreu,11,1
2.19121,41.42953,sant andreu,10,14
2.19827,41.4285799,sant martí,10,16
2.19246,41.43112,sant andreu,9,23
2.20559120178,41.4268163123,sant martí,9,18
2.20559120178,41.4268163123,sant martí,9,18
2.22346149299,41.4282033086,None,17,0
2.22689,41.42584,None,10,14
2.22338,41.42701,None,16,20
2.22338,41.42701,None,16,20
2.2197429,41.4286046,None,17,21
2.2197429,41.4286046,None,16,21
2.11886111,41.422075,sarrià - sant gervasi,11,20
2.13513045591,41.4240524488,horta-guinardó,8,23
2.13513045591,41.4240524488,horta-guinardó,8,0
2.13513045591,41.4240524488,horta-guinardó,11,23
2.13445,41.42068,gràcia,9,20
2.1380799,41.4207191,horta-guinardó,9,18
2.14243,41.42404,horta-guinardó,7,14
2.14243,41.42404,horta-guinardó,7,14
2.14463,41.42251,horta-guinardó,9,22
2.14463,41.42251,horta-guinardó,9,21
2.14011490136,41.420115874,horta-guinardó,16,20
2.14011490136,41.420115874,horta-guinardó,16,20
2.14180940445,41.4222336872,horta-guinardó,10,14
2.14180940445,41.4222336872,horta-guinardó,10,14
2.15287,41.42232,horta-guinardó,10,14
2.15504,41.42103,horta-guinardó,10,14
2.15504,41.42103,horta-guinardó,10,14
2.15805286224,41.4241805637,horta-guinardó,10,22
2.15805286224,41.4241805637,horta-guinardó,15,22
2.1583199501,41.4219733445,horta-guinardó,15,19
2.15443,41.42411,horta-guinardó,9,21
2.15557,41.42389,horta-guinardó,7,14
2.15557,41.42389,horta-guinardó,7,14
2.15624,41.42125,horta-guinardó,10,13
2.15624,41.42125,horta-guinardó,10,13
2.1568608284,41.4248534254,horta-guinardó,9,13
2.1568608284,41.4248534254,horta-guinardó,9,13
2.15575,41.4241905,horta-guinardó,8,18
2.15119,41.42025,horta-guinardó,9,13
2.15119,41.42025,horta-guinardó,9,13
2.1521,41.42048,horta-guinardó,9,18
2.15933,41.42572,horta-guinardó,9,19
2.15965,41.42261,horta-guinardó,9,13
2.16072,41.41954,horta-guinardó,9,20
2.16096,41.42888,horta-guinardó,9,13
2.16299772263,41.4282803943,horta-guinardó,10,14
2.16299772263,41.4282803943,horta-guinardó,10,14
2.1608901,41.4203911,horta-guinardó,9,20
2.16191,41.42907,horta-guinardó,10,20
2.1635301,41.4290504,horta-guinardó,9,19
2.1635301,41.4290504,horta-guinardó,9,19
2.1643024,41.4221007667,horta-guinardó,9,18
2.172402665,41.42326976,horta-guinardó,9,20
2.17291116714,41.425818787,horta-guinardó,9,13
2.16649,41.42777,horta-guinardó,17,20
2.17318,41.42446,horta-guinardó,9,20
2.17265,41.41967,horta-guinardó,7,1
2.17465,41.42214,horta-guinardó,8,23
2.17465,41.42214,horta-guinardó,8,23
2.17465,41.42214,horta-guinardó,8,23
2.17582941055,41.4244994558,horta-guinardó,11,22
2.17582941055,41.4244994558,horta-guinardó,11,22
2.1787899,41.42185,horta-guinardó,9,22
2.1763899,41.4236107,sant andreu,10,10
2.1763899,41.4236107,sant andreu,10,22
2.17892,41.4225693,sant andreu,10,14
2.17932701111,41.4223072151,sant andreu,9,19
2.17932701111,41.4223072151,sant andreu,9,19
2.17411661203,41.4214834806,horta-guinardó,10,21
2.1751588583,41.4229427714,sant andreu,8,15
2.17469751835,41.4281315743,nou barris,16,20
2.17469751835,41.4281315743,nou barris,16,20
2.17594856079,41.4232151777,horta-guinardó,16,21
2.17457950115,41.4197327463,horta-guinardó,9,17
2.17507839203,41.4271220025,nou barris,10,20
2.17547535896,41.4290848209,nou barris,9,18
2.17523,41.42807,nou barris,10,14
2.17523,41.42807,nou barris,10,20
2.1742499,41.42958,nou barris,9,20
2.1763,41.42577,nou barris,10,13
2.17556923628,41.4225626452,sant andreu,9,18
2.18151,41.4232903,sant andreu,9,22
2.18151,41.4232903,sant andreu,9,22
2.17955,41.42458,sant andreu,9,14
2.1803499,41.42269,sant andreu,12,2
2.1803499,41.42269,sant andreu,19,2
2.1803499,41.42269,sant andreu,19,2
2.18106917448,41.4234283793,sant andreu,12,16
2.1824565,41.4242504,sant andreu,10,14
2.18188,41.42156,sant andreu,8,0
2.1828,41.4208,sant andreu,6,18
2.18110799789,41.4194672484,sant andreu,6,14
2.18115091324,41.4225525889,sant andreu,10,14
2.1850901,41.4227791,sant andreu,13,16
2.17692565006,41.4217618999,horta-guinardó,8,3
2.18503475189,41.4221503364,sant andreu,7,14
2.18503475189,41.4221503364,sant andreu,7,14
2.17631,41.4235,horta-guinardó,10,15
2.17967,41.42494,sant andreu,11,21
2.18116,41.42158,sant andreu,13,16
2.18084,41.42161,sant andreu,9,21
2.18084,41.42161,sant andreu,9,21
2.18084,41.42161,sant andreu,9,21
2.1798,41.42466,sant andreu,9,13
2.1800799,41.4248581,sant andreu,9,14
2.18438,41.42306,sant andreu,6,14
2.17971,41.42415,sant andreu,8,14
2.17972511108,41.4243173256,sant andreu,9,21
2.17706,41.42691,nou barris,16,19
2.17821,41.4248,sant andreu,9,17
2.18074,41.42359,sant andreu,7,10
2.18188,41.42442,sant andreu,9,14
2.181,41.42664,sant andreu,7,18
2.17873,41.42279,sant andreu,20,1
2.1757399,41.42545,nou barris,9,14
2.177519,41.423941,sant andreu,8,13
2.1805699,41.4250488,sant andreu,9,19
2.180279,41.424946,sant andreu,9,14
2.1809,41.42478,sant andreu,9,14
2.177805,41.42353,sant andreu,9,21
2.1799,41.42351,sant andreu,15,19
2.18492,41.42536,sant andreu,7,14
2.18749,41.42083,sant andreu,7,21
2.18913,41.42395,sant andreu,10,14
2.18913,41.42395,sant andreu,10,14
2.19053,41.42364,sant andreu,16,20
2.1858,41.42452,sant andreu,10,14
2.18746731509,41.4194825539,sant andreu,10,12
2.18973,41.4226699,sant andreu,8,23
2.18721,41.42214,sant andreu,6,22
2.18673935715,41.4211640718,sant andreu,8,14
2.18673935715,41.4211640718,sant andreu,9,18
2.18607,41.41944,sant andreu,10,14
2.18818902969,41.4223273278,sant andreu,9,21
2.18983,41.42001,sant andreu,17,21
2.18983,41.42001,sant andreu,9,14
2.1905601,41.4230804,sant andreu,9,19
2.19665408134,41.4229628839,sant martí,8,21
2.19665408134,41.4229628839,sant martí,8,21
2.197200482,41.42187761,sant martí,13,16
2.197200482,41.42187761,sant martí,13,15
2.19108,41.42251,sant andreu,8,20
2.19324,41.4253799,sant andreu,10,22
2.19085,41.42453,sant andreu,9,21
2.192215,41.42568,sant andreu,8,0
2.187156,41.422204,sant andreu,10,13
2.19110840614,41.4234002112,sant andreu,10,13
2.19888,41.42207,sant martí,8,23
2.19975,41.42274,sant martí,9,14
2.20555,41.42283,sant martí,10,14
2.20445,41.42524,sant martí,7,22
2.20445,41.42524,sant martí,7,22
2.2035707,41.4240936,sant martí,11,0
2.198915,41.424393,sant martí,8,15
2.1991299,41.41986,sant martí,7,21
2.1991299,41.41986,sant martí,7,21
2.1991299,41.41986,sant martí,7,22
2.199274,41.424279,sant martí,9,19
2.199274,41.424279,sant martí,9,19
2.1999218,41.4221076,sant martí,10,21
2.1999218,41.4221076,sant martí,10,21
2.1986939013,41.4244282991,sant martí,8,21
2.1995821,41.424698,sant martí,9,18
2.20138,41.42519,sant martí,9,19
2.19923013504,41.4240679361,sant martí,10,14
2.19962,41.42471,sant martí,10,13
2.19943,41.42095,sant martí,9,8
2.20225,41.42727,sant martí,9,18
2.20225,41.42727,sant martí,5,17
2.1992102,41.4237393,sant martí,9,21
2.1986901,41.4230985,sant martí,9,14
2.1986901,41.4230985,sant martí,8,14
2.20080727394,41.4256366605,sant martí,9,13
2.19806,41.423823,sant martí,6,16
2.197982,41.424018,sant martí,9,16
2.20463,41.42383,sant martí,9,14
2.20415,41.41784,sant martí,9,13
2.20415,41.41784,sant martí,9,13
2.20031,41.42301,sant martí,10,14
2.200572,41.42888,sant martí,7,20
2.20335,41.4207899,sant martí,10,13
2.20133,41.42699,sant martí,8,14
2.198808,41.421782,sant martí,9,13
2.201801,41.427409,sant martí,8,13
2.203971,41.421362,sant martí,9,14
2.20091,41.4256,sant martí,9,20
2.1982801,41.4241791,sant martí,9,20
2.20233,41.42559,sant martí,8,19
2.20233,41.42559,sant martí,8,13
2.19953,41.42211,sant martí,10,14
2.20003479774,41.422539399,sant martí,9,13
2.20003479774,41.422539399,sant martí,10,14
2.199954,41.42628,sant martí,8,14
2.20788,41.42223,sant martí,18,20
2.21096,41.42201,sant martí,10,0
2.20909667725,41.4226321801,sant martí,10,19
2.20909667725,41.4226321801,sant martí,10,19
2.20421751682,41.4195633065,sant martí,8,22
2.20897,41.4227599,sant martí,8,18
2.20897,41.4227599,sant martí,9,19
2.21032,41.42857,None,10,20
2.2067899,41.42378,sant martí,9,13
2.206233,41.423429,sant martí,9,19
2.20682,41.4237404,sant martí,10,13
2.2040815,41.4288499,sant martí,8,0
2.2040815,41.4288499,sant martí,6,18
2.20905774887,41.4227244343,sant martí,9,21
2.208087,41.4244,sant martí,5,23
2.1500001,41.4003983,sarrià - sant gervasi,0,0
2.2089,41.42295,sant martí,8,20
2.2042,41.42402,sant martí,9,13
2.2070401,41.4252281,sant martí,9,16
2.2070401,41.4252281,sant martí,9,16
2.20366,41.42496,sant martí,9,19
2.20861,41.42248,sant martí,7,22
2.20887422562,41.4234375356,sant martí,14,21
2.21015,41.4238281,sant martí,10,20
2.21164,41.42255,sant martí,8,21
2.22234,41.42354,None,10,0
2.22317,41.42242,None,10,13
2.13166,41.416111,sarrià - sant gervasi,11,4
2.13166,41.416111,sarrià - sant gervasi,10,2
2.13166,41.416111,sarrià - sant gervasi,11,4
2.13166,41.416111,sarrià - sant gervasi,11,4
2.128246,41.4160549,sarrià - sant gervasi,10,17
2.128246,41.4160549,sarrià - sant gervasi,10,17
2.128246,41.4160549,sarrià - sant gervasi,10,17
2.13213,41.41616,sarrià - sant gervasi,12,1
2.13213,41.41616,sarrià - sant gervasi,18,2
2.13213,41.41616,sarrià - sant gervasi,18,3
2.13083,41.41639,sarrià - sant gervasi,10,23
2.13138927743,41.416167174,sarrià - sant gervasi,10,3
2.13138927743,41.416167174,sarrià - sant gervasi,10,3
2.13160918426,41.4161897649,sarrià - sant gervasi,13,15
2.13160918426,41.4161897649,sarrià - sant gervasi,13,15
2.13160918426,41.4161897649,sarrià - sant gervasi,13,15
2.13409,41.41793,gràcia,9,19
2.13269,41.4156914,sarrià - sant gervasi,8,18
2.13269,41.4156914,sarrià - sant gervasi,8,18
2.13489741122,41.4169578385,gràcia,10,13
2.13489741122,41.4169578385,gràcia,10,13
2.13329070862,41.4165536231,sarrià - sant gervasi,8,15
2.13143388,41.41618699,sarrià - sant gervasi,10,21
2.13842868805,41.4166150888,gràcia,9,17
2.1345,41.41758,gràcia,10,22
2.13617,41.41623,gràcia,9,19
2.14667,41.4189,horta-guinardó,10,22
2.14667,41.4189,horta-guinardó,7,8
2.14117997832,41.4157208846,gràcia,8,21
2.14117997832,41.4157208846,gràcia,8,21
2.13837,41.41438,gràcia,9,20
2.13855,41.41473,gràcia,10,20
2.14991,41.41858,gràcia,9,22
2.14991,41.41858,gràcia,16,22
2.15235712725,41.4175986573,gràcia,8,18
2.14835,41.4189099,gràcia,10,14
2.14972,41.41862,gràcia,17,21
2.14979,41.41952,gràcia,9,18
2.14509,41.41494,gràcia,9,18
2.15731,41.41925,horta-guinardó,7,15
2.15803,41.41679,gràcia,9,21
2.15761470794,41.415456181,gràcia,6,23
2.16127,41.41511,horta-guinardó,10,20
2.16313719749,41.4150763188,horta-guinardó,9,14
2.1721720105,41.4175512907,horta-guinardó,9,21
2.1721720105,41.4175512907,horta-guinardó,9,9
2.1714699,41.41796,horta-guinardó,9,14
2.1714771741,41.4179210972,horta-guinardó,9,14
2.1714771741,41.4179210972,horta-guinardó,9,20
2.16922,41.41545,horta-guinardó,10,13
2.16922,41.41545,horta-guinardó,10,14
2.17368900776,41.417061627,horta-guinardó,7,22
2.17477855431,41.4184595808,horta-guinardó,9,22
2.17925,41.4189999,sant andreu,19,23
2.17318702318,41.4163591652,horta-guinardó,17,23
2.1734661883,41.4171653059,horta-guinardó,9,19
2.17079871948,41.4153628384,horta-guinardó,9,14
2.1768401,41.4162712,sant martí,16,20
2.17777370731,41.4162094553,sant martí,15,19
2.17442393303,41.4186184523,horta-guinardó,10,20
2.17542,41.41808,horta-guinardó,10,19
2.17845,41.42067,horta-guinardó,9,19
2.17604398727,41.4176932118,horta-guinardó,10,13
2.17905879021,41.4190046358,sant andreu,8,14
2.1804,41.41885,sant andreu,20,0
2.1804,41.41885,sant andreu,20,23
2.1804,41.41885,sant andreu,20,0
2.18158119972,41.4188627176,sant andreu,8,21
2.18138,41.41829,sant andreu,21,2
2.18231936596,41.4163558698,sant martí,6,23
2.1819799,41.41527,sant martí,13,17
2.1819799,41.41527,sant martí,12,0
2.17578,41.41507,sant martí,6,22
2.18231,41.41577,sant martí,16,20
2.18231,41.41577,sant martí,16,20
2.18104,41.41458,sant martí,8,12
2.18104,41.41458,sant martí,7,21
2.17446,41.41619,sant martí,10,23
2.17819,41.41922,horta-guinardó,7,20
2.17458,41.41661,horta-guinardó,13,16
2.17458,41.41661,horta-guinardó,13,16
2.17458,41.41661,horta-guinardó,13,16
2.1758,41.41702,horta-guinardó,9,20
2.17898,41.42152,horta-guinardó,10,13
2.18501329422,41.4168564612,sant martí,9,14
2.18501329422,41.4168564612,sant martí,9,14
2.17554898278,41.4175279837,horta-guinardó,17,21
2.1802599,41.4201698,sant andreu,18,2
2.17489,41.41601,sant martí,6,23
2.179282,41.419136,sant andreu,9,21
2.179282,41.419136,sant andreu,9,21
2.1753,41.41569,sant martí,6,17
2.18192,41.41523,sant martí,10,14
2.180664,41.418997,sant andreu,9,13
2.180664,41.418997,sant andreu,8,13
2.17501401901,41.4187954534,horta-guinardó,7,21
2.18022,41.4174999,sant andreu,10,14
2.17971,41.41901,sant andreu,9,19
2.18047,41.42033,sant andreu,10,13
2.1754699,41.41579,horta-guinardó,11,23
2.181031,41.419916,sant andreu,9,13
2.181031,41.419916,sant andreu,9,13
2.1761898,41.4164099,horta-guinardó,9,16
2.1761898,41.4164099,horta-guinardó,9,16
2.1761898,41.4164099,horta-guinardó,8,22
2.18065738678,41.4202677615,sant andreu,10,19
2.17641,41.41486,sant martí,9,20
2.1826,41.42034,sant andreu,8,14
2.1826,41.42034,sant andreu,8,14
2.17349,41.42092,horta-guinardó,10,14
2.18083286341,41.4190628487,sant andreu,10,13
2.18074,41.4187,sant andreu,10,14
2.18074,41.4187,sant andreu,9,14
2.1800201,41.4200401,horta-guinardó,9,16
2.18596,41.41962,sant andreu,9,14
2.1866647,41.4187677,sant andreu,10,1
2.187885739,41.4179921508,sant martí,7,11
2.18661,41.4159999,sant andreu,9,13
2.18895,41.41816,sant andreu,10,20
2.18895,41.41816,sant andreu,10,20
2.18895,41.41816,sant andreu,10,20
2.1925,41.40493,sant martí,10,22
2.1925,41.40493,sant martí,10,22
2.18916,41.41563,sant martí,7,17
2.1886,41.41786,sant andreu,7,22
2.1846199,41.41517,sant martí,18,23
2.18662,41.41972,sant andreu,8,12
2.18977,41.4160899,sant martí,10,20
2.18614,41.41914,sant andreu,8,20
2.18662,41.4191999,sant andreu,9,21
2.18764,41.41764,sant andreu,11,12
2.18971,41.41777,sant andreu,8,21
2.18717092331,41.4194339443,sant andreu,11,13
2.18639303759,41.4205683355,sant andreu,7,8
2.18823868137,41.4179315813,sant martí,7,21
2.18823868137,41.4179315813,sant martí,8,21
2.18702,41.41548,sant martí,9,19
2.18717,41.42033,sant andreu,9,17
2.18325489815,41.4180501188,sant andreu,11,14
2.18662,41.41942,sant andreu,10,14
2.18662,41.41942,sant andreu,10,14
2.20085862707,41.3882877398,sant martí,12,1
2.20085862707,41.3882877398,sant martí,13,1
2.20085862707,41.3882877398,sant martí,12,1
2.18868688513,41.4218009972,sant andreu,19,2
2.18363,41.41616,sant martí,10,21
2.19634,41.41737,sant martí,9,14
2.19647,41.41941,sant martí,8,14
2.19647,41.41941,sant martí,7,14
2.19407,41.41434,sant martí,6,23
2.19394,41.41696,sant martí,7,21
2.19521,41.41519,sant martí,17,23
2.19461673553,41.414751346,sant martí,7,0
2.19461673553,41.414751346,sant martí,7,0
2.19768,41.41768,sant martí,7,20
2.19768,41.41768,sant martí,8,13
2.19519,41.41845,sant martí,18,22
2.20198,41.41771,sant martí,7,23
2.20198,41.41771,sant martí,7,23
2.20198,41.41771,sant martí,7,23
2.20074,41.41876,sant martí,7,18
2.19923973084,41.4162288911,sant martí,9,22
2.19923973084,41.4162288911,sant martí,8,23
2.20098,41.41846,sant martí,9,14
2.19887,41.41799,sant martí,6,23
2.20138384248,41.4146955109,sant martí,13,15
2.20138384248,41.4146955109,sant martí,12,17
2.19554,41.41704,sant martí,10,14
2.20067968336,41.4144315292,sant martí,17,0
2.1952,41.41651,sant martí,10,14
2.20105,41.41579,sant martí,17,21
2.19907993134,41.4198362137,sant martí,9,14
2.19891,41.41993,sant martí,10,13
2.20591,41.4198499,sant martí,10,19
2.2102599,41.4156303,sant martí,7,23
2.2102599,41.4156303,sant martí,11,23
2.2117,41.41772,sant martí,7,22
2.20737066889,41.4188525567,sant martí,9,3
2.20868,41.41679,sant martí,9,20
2.20448726471,41.4147835299,sant martí,9,13
2.20448726471,41.4147835299,sant martí,9,20
2.20932483673,41.4162288911,sant martí,7,16
2.20562,41.42038,sant martí,8,14
2.2070501,41.4169039,sant martí,11,20
2.20443,41.41856,sant martí,8,1
2.2053001,41.4186211,sant martí,7,14
2.2053001,41.4186211,sant martí,7,2
2.2025214,41.4168453,sant martí,9,23
2.20433,41.41733,sant martí,13,0
2.2067199,41.41552,sant martí,8,17
2.2007965451,41.4167306298,sant martí,8,18
2.2007965451,41.4167306298,sant martí,8,13
2.2051,41.42076,sant martí,7,23
2.2023222,41.417152,sant martí,7,18
2.2058815,41.4202224,sant martí,9,20
2.21062,41.41822,sant martí,9,17
2.21062,41.41822,sant martí,9,13
2.2072537,41.4179874,sant martí,10,20
2.20755,41.41957,sant martí,18,22
2.20546245575,41.4201712177,sant martí,9,21
2.20541,41.418574,sant martí,9,19
2.20579,41.42071,sant martí,9,13
2.20579,41.42071,sant martí,9,13
2.2031464,41.4163052,sant martí,9,19
2.20672,41.414793,sant martí,8,13
2.2088199,41.41605,sant martí,7,15
2.2088199,41.41605,sant martí,8,17
2.20826,41.418053,sant martí,9,14
2.20524,41.42171,sant martí,9,21
2.20626,41.42093,sant martí,8,20
2.20626,41.42093,sant martí,8,20
2.216111,41.415,sant martí,8,20
2.21182,41.41648,sant martí,8,22
2.21182,41.41648,sant martí,8,22
2.21252,41.41679,sant martí,10,14
2.21252,41.41679,sant martí,10,14
2.20796,41.41718,sant martí,9,2
2.21426010132,41.4148449973,sant martí,9,17
2.2112999,41.4155312,sant martí,8,14
2.21174094586,41.416329571,sant martí,10,14
2.21174094586,41.416329571,sant martí,10,14
2.21641,41.41693,sant martí,10,19
2.20848,41.41705,sant martí,9,19
2.20848,41.41705,sant martí,9,19
2.21214,41.41636,sant martí,10,13
2.21214,41.41636,sant martí,10,13
2.217621862,41.4158376802,sant martí,9,17
2.22352981567,41.415955333,sant martí,10,14
2.2275824,41.4160753,None,10,3
2.22629785538,41.4143783287,None,10,19
2.12660321293,41.4103798939,sarrià - sant gervasi,8,22
2.12660321293,41.4103798939,sarrià - sant gervasi,11,14
2.12660321293,41.4103798939,sarrià - sant gervasi,8,22
2.12957,41.41468,sarrià - sant gervasi,8,23
2.12957,41.41468,sarrià - sant gervasi,8,23
2.13447,41.41346,sarrià - sant gervasi,13,23
2.13447,41.41346,sarrià - sant gervasi,13,16
2.13447,41.41346,sarrià - sant gervasi,12,0
2.13447,41.41346,sarrià - sant gervasi,13,16
2.13654,41.41064,sarrià - sant gervasi,13,16
2.12959,41.41096,sarrià - sant gervasi,8,23
2.12959,41.41096,sarrià - sant gervasi,7,23
2.1326599,41.4113998,sarrià - sant gervasi,8,22
2.1326599,41.4113998,sarrià - sant gervasi,8,21
2.13609295161,41.4102997464,sarrià - sant gervasi,10,19
2.16087444,41.39549553,eixample,10,0
2.14268916901,41.4135927128,gràcia,10,14
2.18103427646,41.3850442779,ciutat vella,10,17
2.18103427646,41.3850442779,ciutat vella,10,17
2.13649637792,41.4143040808,gràcia,8,12
2.14057,41.4120599,gràcia,10,20
2.13946,41.41266,gràcia,9,14
2.1381899,41.41367,sarrià - sant gervasi,10,20
2.1381899,41.41367,sarrià - sant gervasi,10,20
2.13816314936,41.4108339523,sarrià - sant gervasi,10,20
2.13891740708,41.4116297275,gràcia,9,20
2.16941,41.38601,eixample,9,20
2.1418979,41.4122505,gràcia,9,14
2.14286083038,41.414638702,gràcia,9,13
2.14286083038,41.414638702,gràcia,8,21
2.1380499,41.41418,sarrià - sant gervasi,9,23
2.13483,41.41298,sarrià - sant gervasi,8,18
2.1370664,41.4100533,sarrià - sant gervasi,8,23
2.1370664,41.4100533,sarrià - sant gervasi,10,22
2.1370664,41.4100533,sarrià - sant gervasi,8,23
2.1622499,41.38631,eixample,20,0
2.1622499,41.38631,eixample,20,1
2.1622499,41.38631,eixample,8,16
2.1378499,41.41366,sarrià - sant gervasi,10,20
2.136471,41.410008,sarrià - sant gervasi,7,10
2.14125150497,41.4100040374,sarrià - sant gervasi,7,22
2.14125150497,41.4100040374,sarrià - sant gervasi,7,22
2.13857,41.41363,sarrià - sant gervasi,8,0
2.13857,41.41363,sarrià - sant gervasi,7,0
2.13872,41.41119,None,8,0
2.13872,41.41119,None,8,23
2.14137,41.41176,None,10,14
2.161880386,41.412021561,None,11,14
2.13806,41.4140299,None,10,14
2.13806,41.4140299,None,10,14
2.13792,41.41075,None,8,21
2.1381199,41.41165,None,9,17
2.1381199,41.41165,None,9,17
2.1408801,41.4132614,None,9,21
2.14547866638,41.4110178985,None,8,0
2.14547866638,41.4110178985,None,8,0
2.1511,41.41147,None,16,20
2.14993,41.41192,None,9,20
2.14993,41.41192,None,9,17
2.14657,41.40947,None,9,2
2.14786,41.41077,None,9,14
2.14786,41.41077,None,9,14
2.14652,41.41055,None,9,13
2.14652,41.41055,None,9,13
2.15369,41.41247,None,10,19
2.15369,41.41247,None,10,18
2.15369,41.41247,None,10,19
2.15819,41.4123,None,7,0
2.15819,41.4123,None,13,16
2.15718698528,41.4111405217,None,9,21
2.15718698528,41.4111405217,None,9,14
2.15955,41.41299,None,10,22
2.15901845749,41.4140754791,None,9,18
2.15901845749,41.4140754791,None,9,19
2.1533203125,41.409775832,None,9,20
2.162244,41.412639,None,10,14
2.162244,41.412639,None,10,17
2.1601499,41.41201,None,9,20
2.16073,41.41229,None,10,13
2.16073,41.41229,None,10,13
2.1598,41.41063,None,9,14
2.1598,41.41063,None,9,14
2.16452,41.41102,None,10,18
2.1653008,41.4142525,None,10,14
2.1653008,41.4142525,None,10,14
2.1653008,41.4142525,None,10,14
2.162297,41.4121016,None,7,23
2.17060023602,41.4122731332,None,12,17
2.17060023602,41.4122731332,None,12,17
2.17054,41.41255,None,6,22
2.1871,41.47412,None,10,14
2.1635692,41.413644,None,12,23
2.17095,41.41223,None,10,14
2.169296,41.413217,None,10,14
2.169296,41.413217,None,10,14
2.172,41.41281,None,9,19
2.172,41.41281,None,9,21
2.17038989067,41.4111678803,None,9,14
2.17038989067,41.4111678803,None,9,14
2.17177638467,41.4121816065,None,10,23
2.17088,41.41794,None,9,19
2.16399,41.40986,None,8,14
2.164103,41.4121727,None,8,18
2.16844,41.41563,None,7,0
2.16844,41.41563,None,7,0
2.19688904243,41.3850811182,None,12,6
2.19688904243,41.3850811182,None,12,23
2.16572398003,41.4148720357,None,10,13
2.16572398003,41.4148720357,None,10,13
2.16241,41.41718,None,17,23
2.16241,41.41718,None,17,22
2.1636111,41.4123096,None,7,0
2.16828,41.41209,None,11,22
2.16862,41.41258,None,10,14
2.15105,41.39355,None,13,23
2.15105,41.39355,None,13,0
2.1644424,41.4145562,None,8,15
2.1644424,41.4145562,None,7,20
2.16898,41.41207,None,14,3
2.17113270787,41.4118013367,None,9,19
2.1640419,41.4121777,None,10,13
2.1643979,41.4148239,None,11,15
2.16989,41.41279,None,15,20
2.16053,41.41303,None,7,20
2.16053,41.41303,None,7,13
2.1702,41.4119,None,9,14
2.162731,41.41551,None,9,20
2.16863,41.41235,None,12,16
2.16989,41.4163,None,10,14
2.166004,41.410059,None,16,22
2.164065,41.410347,None,9,13
2.16430664062,41.4180150361,None,9,13
2.169014,41.411849,None,7,22
2.17429296076,41.4116055496,None,9,0
2.17429296076,41.4116055496,None,10,18
2.17429296076,41.4116055496,None,10,18
2.17429296076,41.4116055496,None,12,0
2.17367404755,41.4106638536,None,12,23
2.17367404755,41.4106638536,None,12,23
2.17367404755,41.4106638536,None,12,23
2.17274,41.40986,None,9,20
2.1708599,41.41036,None,10,23
2.17461,41.4112099,None,8,0
2.17461,41.4112099,None,8,0
2.17372,41.41012,None,8,13
2.17372,41.41012,None,8,20
2.17823477969,41.4133292607,None,7,3
2.17464923859,41.413219689,None,9,18
2.17464923859,41.413219689,None,9,14
2.18106,41.41397,None,7,14
2.18072,41.41063,None,9,13
2.18409596667,41.4140159733,None,13,16
2.17879352598,41.4141412299,None,9,11
2.18117,41.4109399,None,19,23
2.18117,41.4109399,None,9,17
2.17667812164,41.4131099429,None,9,19
2.17904806137,41.410162068,None,18,1
2.17908,41.4148799,None,10,14
2.18235,41.41119,None,9,19
2.17948,41.41412,None,13,16
2.1803801,41.4103813,None,13,16
2.1842899,41.4130783,None,10,14
2.1842899,41.4130783,None,10,14