lon,lat
2.18932,41.43374
2.18935,41.43289
2.17465,41.42214
2.1581,41.39089
2.13213,41.41616
2.13160918426,41.4161897649
2.1819799,41.41527
2.13034886148,41.4108356574
2.16941,41.38601
2.17357748802,41.4114242432
2.2087416,41.412644
2.21980857043,41.4119697857
2.21858716703,41.4102748202
2.21857,41.41098
2.17573,41.38487
2.12609545527,41.4045822781
2.13332,41.40649
2.13501,41.40619
2.1344,41.4058599
2.13811,41.40742
2.15077475877,41.4057749111
2.1588599,41.41006
2.17503547668,41.407699774
2.185187964,41.407700805
2.186083,41.409717
2.19655249932,41.3848211313
2.16431,41.3952699
2.20321,41.39967
2.18333687742,41.3824489701
2.21734,41.4090309
2.2117,41.40524
2.1209699,41.40047
2.12602,41.4039116
2.12981,41.40025
2.13337,41.4058
2.14006,41.4047
2.15651750565,41.4040946784
2.154466433,41.4018241447
2.15457,41.40048
2.15970464914,41.4038743714
2.1666599,41.40018
2.1535099,41.37518
2.2014,41.40233
2.1979711725,41.4036138408
2.20036,41.40187
2.2119,41.40236
2.2051,41.39959
2.20664531907,41.3994006389
2.21370289057,41.403954289
2.214574891,41.404373966
2.18627929688,41.3802863708
2.12359,41.39769
2.1233399,41.39761
2.12215,41.39912
2.12868,41.39791
2.12256,41.398
2.1237499,41.39778
2.13686,41.39598
2.1711999,41.3838099
2.142,41.3949
2.1442,41.39653
2.1436,41.39549
2.14225,41.39692
2.14447,41.40123
2.14252,41.39812
2.14351,41.39851
2.14426,41.40298
2.14927,41.39799
2.15099,41.3984499
2.14536,41.39608
2.16011,41.38767
2.14858,41.39805
2.15344905853,41.3953064199
2.1531546,41.394658
2.15367752881,41.39446942
2.15392,41.39972
2.15924,41.39899
2.15932,41.39493
2.16124,41.3973
2.16002,41.39902
2.16058486755,41.3998162688
2.16087600627,41.3961092898
2.15992,41.39448
2.15831,41.39989
2.16269,41.39587
2.15808,41.39953
2.15813,41.39723
2.15715,41.39813
2.16559946537,41.3991816089
2.16841,41.3964
2.16217,41.39659
2.16773,41.3955399
2.16572,41.39731
2.1666,41.397
2.16911,41.3958
2.178,41.39873
2.20368,41.39861
2.20528119858,41.3999450341
2.2044084,41.3994856
2.12529,41.39363
2.18913,41.3762
2.1349101,41.3898087
2.13075,41.3903899
2.13754,41.39481
2.14175,41.39089
2.1415,41.39363
2.14387,41.392918
2.14363330658,41.3907698654
2.13842982109,41.3947700765
2.1420499,41.39171
2.13793,41.39487
2.14725910706,41.3940043275
2.14789,41.3944
2.14897,41.39409
2.15027332306,41.3919340529
2.15006,41.39136
2.1535099,41.39396
2.1525,41.39171
2.15398550034,41.3926342962
2.15772,41.39289
2.15368,41.39529
2.15643,41.39444
2.15463,41.39505
2.15451,41.3910399
2.15232,41.3921
2.15573543365,41.3965970524
2.15537,41.39154
2.15301132143,41.3972200233
2.16045501424,41.3947794619
2.16403091278,41.3935039434
2.16261547333,41.3917561222
2.16268,41.39356
2.16326,41.39449
2.16154,41.39319
2.15852493103,41.3922830526
2.16499,41.39446
2.16242,41.39456
2.15882,41.39231
2.1589799,41.39048
2.15714,41.39132
2.16328,41.39387
2.1607120608,41.3954751696
2.15909,41.38964
2.16604,41.39083
2.16841,41.39358
2.16489,41.39401
2.16724,41.39276
2.16694,41.3918991
2.16555,41.3945
2.17166851982,41.3915758575
2.17026,41.3912199
2.16446,41.3929199
2.16391,41.39256
2.17096,41.39112
2.17261,41.3904
2.17035,41.39212
2.1727502346,41.3919903946
2.17748,41.39525
2.1729599,41.39159
2.19941,41.393637
2.20444,41.39276
2.12138392117,41.3894774468
2.12628,41.39178
2.13138,41.38865
2.13107700255,41.3885071749
2.13644,41.389
2.13692007787,41.389357125
2.13453,41.38514
2.14024,41.38922
2.1368195,41.3894901
2.15084,41.38854
2.14687,41.38597
2.1543899,41.38781
2.16038,41.38746
2.16149,41.38858
2.16465,41.38871
2.16168,41.3862305
2.16235,41.38768
2.16604,41.3893
2.15926522072,41.3883833045
2.15887,41.38886
2.16268122196,41.3890303771
2.1621599,41.3878212
2.16121,41.39123
2.15708,41.39192
2.1602199,41.38709
2.169367,41.387953
2.16478,41.39052
2.17196,41.3892
2.17435,41.38706
2.1712899,41.3885612
2.17981094177,41.3898683755
2.18065,41.3880399
2.1805501,41.3881989
2.18437,41.3864
2.18358429667,41.3871241908
2.17908,41.39117
2.18012,41.38628
2.19676136971,41.3858488621
2.19474,41.38604
2.20177856826,41.3879975477
2.19910789184,41.3879689832
2.10962,41.38353
2.14789,41.38324
2.16096,41.38418
2.163276,41.385271
2.16342,41.38401
2.16608,41.3850399
2.16254,41.38543
2.15999,41.38605
2.16681,41.38563
2.1668,41.38389
2.16672,41.38498
2.1711999,41.38348
2.17159,41.38469
2.17157,41.38364
2.17292,41.3855999
2.17068803042,41.3844739275
2.17842,41.38432
2.1776399,41.38491
2.18058,41.3841899
2.18248,41.38274
2.18011,41.38458
2.1853399,41.3853416
2.18604685203,41.3799529698
2.18437,41.38422
2.18570057356,41.3805088154
2.18443,41.38488
2.18364918287,41.3823662065
2.18701,41.38221
2.1964285825,41.3847043423
2.19419045633,41.3822217601
2.1135098301,41.3775471314
2.13372,41.37553
2.14884895241,41.3764177112
2.15007,41.37675
2.1493487,41.3761378
2.15376132782,41.3782766769
2.15421,41.38018
2.154090785,41.375994065
2.15824,41.37517
2.15901,41.37826
2.16123819351,41.3751501024
2.1601499,41.37816
2.16118,41.38233
2.17309,41.37917
2.16620677765,41.376151308
2.1706579646,41.3836756
2.17648500259,41.3796613496
2.1760225296,41.3762611165
2.1793301,41.380619
2.18058,41.37983
2.17919,41.38024
2.17975616455,41.3813167958
2.17933,41.37843
2.17797517776,41.381268495
2.1797,41.3801599
2.17623,41.3797684
2.18728,41.38086
2.18745446246,41.3762371119
2.18736,41.38066
2.1865762,41.3808132
2.19032,41.37647
2.18840950375,41.3775597863
2.19204181488,41.3790173194
2.19121,41.37862
2.19169,41.37889
2.19,41.37605
2.1907499,41.3776207
2.19068,41.37719
2.19059813217,41.375903477
2.19501870242,41.3829660264
2.1758399,41.3799896
2.12652,41.37692
2.1405599,41.3763999
2.15677,41.37482
2.1608,41.3767
2.15794,41.3765
2.16921,41.37399
2.16703176498,41.3755687476
2.17528,41.37868
2.17246283451,41.3749564
2.17245096024,41.3697264753
2.18359,41.38951
2.18363,41.37526
2.18107572507,41.3716483404
2.17744,41.37682
2.18975748373,41.3750588739
2.1886711653,41.3766796908
2.18887,41.37047
2.18966,41.37658
2.13185,41.36831
2.16074,41.3714
2.17167457087,41.3704264175
2.16661,41.37249
2.1894186,41.3686252
2.1374399,41.36271
2.19992,41.4428
2.1921801,41.4405559
2.19827,41.44277
2.19854919049,41.4414077796
2.198803,41.439474
2.19824194908,41.4402291254
2.1795101,41.4342708
2.18097925186,41.4363402982
2.18874,41.43466
2.14182,41.42949
2.16278,41.42869
2.17961,41.4303513
2.1212487,41.4256252
2.1728,41.42627
2.20243763924,41.4205284119
2.17268,41.41851
2.1877501,41.4177094
2.20189,41.41955
2.13545,41.41686
2.1579799,41.41583
2.18886,41.41342
2.1890299,41.4139
2.18746,41.4158
2.13816,41.4113312
2.13930644095,41.4119715131
2.1583157,41.4081073
2.15284,41.40786
2.1605925,41.4086997
2.17451,41.40992
2.17388,41.40807
2.1731,41.4105988
2.17353,41.41027
2.18452,41.40921
2.18915,41.40784
2.18485,41.40911
2.21726498706,41.4085610807
2.2176407,41.4106925
2.2166315,41.4082734
2.13783515106,41.404212837
2.13357,41.4060898
2.14444,41.4045599
2.1515399,41.40431
2.1509,41.40698
2.15714,41.4028
2.15732,41.40294
2.15234,41.40364
2.1572,41.40358
2.15628,41.40443
2.15652,41.4026
2.15381,41.40309
2.15404,41.40313
2.15509,41.40381
2.1561,41.4046
2.15538,41.40526
2.1541,41.40327
2.1569783,41.4055786
2.15309,41.40261
2.15755,41.40364
2.15699,41.40377
2.15653,41.40276
2.16137,41.4025307
2.16035,41.40283
2.16089319438,41.4032685663
2.16282,41.40295
2.15921,41.40705
2.16459,41.4065
2.16892,41.40319
2.1706768,41.4032904
2.1713413,41.403143
2.16839600354,41.4066526672
2.1771286,41.402874
2.17588,41.40365
2.17402,41.4042699
2.17175,41.4027
2.17856,41.40597
2.19034,41.40392
2.19311,41.4070816
2.1973,41.4042702
2.19262627694,41.4051471638
2.19291520181,41.4058349192
2.2006834273,41.4063458204
2.1988160343,41.402759383
2.12185938101,41.3993085094
2.12182873234,41.4024984923
2.12285,41.39805
2.11935,41.4006004
2.12278,41.39782
2.13832,41.40131
2.14487,41.4016
2.1442199,41.3979799
2.14484,41.39777
2.1432,41.39758
2.14473,41.3988299
2.13924,41.3976784
2.14359,41.3987
2.14993,41.40045
2.1508901,41.3994713
2.146726,41.401261
2.1514948,41.4009885
2.1476099,41.40186
2.14838,41.40133
2.1492299894,41.4013021424
2.14943,41.40159
2.15173,41.40119
2.1534952,41.3975894
2.15668,41.40188
2.1538007,41.4011348
2.1565,41.40121
2.15736,41.4019
2.15484,41.40203
2.15465,41.40191
2.1527547,41.3999294
2.1563601,41.3992958
2.15217,41.40147
2.15832666,41.40034407
2.1556699,41.3995514
2.15224,41.39769
2.15372,41.4012
2.15662,41.39896
2.16188,41.39973
2.1634103,41.3994396
2.15904,41.39791
2.16151,41.39949
2.1590383222,41.401553248
2.1594699,41.40019
2.16006,41.39978
2.15989,41.40107
2.16664,41.4004402
2.1700201,41.3987312
2.16557,41.39888
2.16573,41.39831
2.17526212335,41.4020730114
2.1749054,41.40234
2.17445,41.39955
2.1842666247,41.3978218525
2.18018,41.39867
2.20235,41.40038
2.2031801,41.4001999
2.2152123,41.4016991
2.126,41.3942
2.13840443345,41.3939214742
2.1384101,41.3945618
2.1445634,41.3952431
2.13958,41.39598
2.1450818,41.3942075
2.14315,41.39623
2.1444899,41.39514
2.1431677,41.3944259
2.14377,41.39456
2.14393,41.39582
2.1402,41.39394
2.14078,41.39345
2.14409,41.39411
2.14301,41.39567
2.1429299,41.39415
2.1480312,41.3944375
2.14875113231,41.3956049266
2.14714385569,41.3940309875
2.1509506,41.396523
2.14903,41.39459
2.1482,41.3943
2.14637,41.39344
2.14569,41.3927917
2.14594,41.39668
2.14682,41.39308
2.155473,41.3972405
2.15623386,41.39686592
2.1567133,41.3926877
2.1566801,41.3936806
2.1535699,41.3926086
2.1561,41.39543
2.1526506,41.3935788
2.15377,41.3939
2.15648,41.3970399
2.1567599,41.39715
2.15697,41.39728
2.1535955,41.3937594
2.1555,41.39375
2.156072,41.3955587
2.15589,41.39429
2.15795045692,41.3958901402
2.15721,41.39736
2.1526101,41.3955917
2.15736,41.393073
2.15814,41.3955
2.15811221105,41.3928849609
2.1621699,41.3965912
2.1603751,41.3946937
2.15974926949,41.3943061829
2.15877,41.3975
2.16397404671,41.3926705155
2.161617,41.396677
2.16087,41.39414
2.15962216,41.39399663
2.1634699,41.39465
2.16057,41.39416
2.1645844,41.3945105
2.16186,41.39343
2.16041,41.39379
2.16132,41.39645
2.159264,41.3947747
2.1646099,41.3961983
2.1647899,41.3926697
2.15903311389,41.394509761
2.16120701283,41.3943843685
2.15942,41.3942
2.15907789588,41.3944722781
2.16069,41.39426
2.16912556,41.39367711
2.17021,41.39367
2.1693299,41.3962898
2.16572,41.39437
2.16614,41.39359
2.16795,41.39708
2.16994,41.39729
2.1623001,41.3969307
2.16158,41.39262
2.1703925,41.393095
2.16569598276,41.3926370436
2.16766,41.39609
2.1627,41.39588
2.1762407,41.3957337
2.17377,41.3970184
2.17242032,41.39385006
2.18082,41.3962
2.1831486,41.3958671
2.17862454,41.3925692
2.18742,41.39286
2.1249699,41.38981
2.13015574962,41.3887841222
2.1310471,41.3886534
2.136205507,41.391600553
2.13446735475,41.3895358558
2.13633574625,41.3899746766
2.14204,41.3897
2.1410062,41.3907364
2.14436,41.3893
2.14303,41.39047
2.148668,41.3918906
2.14695,41.39108
2.1513764,41.3923632
2.15024286397,41.3898948827
2.15151,41.3922
2.1500499,41.391861
2.15454,41.39213
2.152169,41.3919877
2.1579101,41.3878784
2.15208,41.39228
2.15467,41.3913
2.15434,41.39228
2.15258,41.3913002
2.15801,41.38926
2.1543768,41.3920227
2.1568447,41.3918439
2.15696,41.38778
2.1573018,41.3918244
2.1577101,41.388031
2.15658,41.3905907
2.15237,41.39114
2.15506,41.39139
2.15227,41.3921
2.1577001,41.38834
2.15658,41.39059
2.1567599,41.3921599
2.1554675,41.3920254
2.15582,41.3877499
2.1559,41.38769
2.154422,41.3943855
2.16439906185,41.3901626635
2.16143523524,41.3885357565
2.1616139,41.3922574
2.1617069,41.3880426
2.15937,41.38848
2.16298,41.39231
2.15989,41.39195
2.16412,41.38977
2.16001384418,41.3880629493
2.16384,41.39097
2.16011,41.3876686
2.16305,41.39117
2.1604557,41.3923843
2.16184,41.39205
2.17412,41.38395
2.16469287872,41.3899459646
2.161996,41.390384
2.16241,41.39164
2.1650126,41.3889515
2.16806973,41.38769682
2.1657899,41.3911416
2.16660462,41.39101669
2.17054,41.3908
2.167954,41.3903725
2.16595,41.3909
2.17085909722,41.3899889926
2.1688612,41.3912978
2.16977,41.39022
2.1650611,41.3897896
2.1674873,41.3908801
2.16662,41.38786
2.1689373,41.391864
2.1706981,41.390913
2.16761,41.3883
2.16887,41.3876495
2.16794,41.39094
2.16523,41.3889008
2.16707,41.39081
2.1647799,41.3899117
2.16491,41.38865
2.1696699,41.3901396
2.1660771,41.3893049
2.1659005,41.3896482
2.16199,41.39232
2.16272,41.39212
2.16922,41.3919
2.1626558,41.3918418
2.17406,41.3883
2.17482423782,41.3914489746
2.1754463,41.3888606
2.17374,41.39126
2.17235899794,41.3882127207
2.17393,41.38867
2.17493355274,41.3900133754
2.1741799,41.39184
2.1772888,41.3920603
2.1772399,41.3888016
2.16927,41.3882199
2.1738274768,41.3901273198
2.17842,41.39162
2.18128,41.38936
2.17975713955,41.388880867
2.18026,41.39062
2.19530206,41.38987259
2.19736,41.3912392
2.20346413492,41.3916316001
2.202045,41.391297
2.19836540885,41.3878551032
2.11357,41.38734
2.1126001,41.3866912
2.13023,41.38567
2.138379,41.38385
2.13998,41.38387
2.14513,41.38422
2.149,41.38545
2.1463428,41.3834491
2.1457099,41.38659
2.15145,41.38705
2.15067,41.38626
2.15796,41.38442
2.15316617894,41.385250368
2.15591,41.38738
2.15431,41.39286
2.15394,41.38936
2.1625,41.38332
2.16041,41.3842
2.16073269443,41.3871094614
2.1646401,41.3862508
2.16467,41.3836299
2.1598099,41.38678
2.1589601,41.3853798
2.1642199,41.38422
2.16435,41.3827799
2.1612473,41.3876054
2.1614,41.38601
2.16372,41.38465
2.16138,41.38392
2.1696,41.38446
2.17480802536,41.381980896
2.16552,41.38273
2.17148,41.3836
2.16866,41.38282
2.16848,41.38327
2.16663,41.3868099
2.17045623353,41.3851166903
2.16576,41.38515
2.1671999,41.3855999
2.1681,41.38308
2.16995,41.38404
2.16857,41.38698
2.1668599,41.38491
2.1688,41.38477
2.16932605952,41.3865121937
2.1713689,41.3839163
2.16746,41.3848399
2.17115,41.3827705
2.16915,41.38474
2.16933,41.38473
2.17432795337,41.3870076529
2.17395,41.38378
2.173757,41.3857562
2.172568,41.3842355
2.17442,41.38527
2.17565704418,41.3855632504
2.17394,41.3855
2.1716499,41.3827209
2.1759745,41.3830437
2.17415273,41.38474104
2.1773,41.3851585
2.17543,41.38318
2.17472,41.38454
2.17558,41.3847499
2.1773601,41.3829193
2.17353209853,41.3851983529
2.17454,41.38303
2.17244,41.3837
2.17415,41.3843498
2.1781407,41.3835062
2.17309773677,41.3844150947
2.17260405421,41.3834422474
2.1730852,41.3846902
2.17313,41.3836299
2.17379,41.3838099
2.17267,41.38627
2.17472,41.3838099
2.17318,41.38447
2.1737342,41.383976
2.18288,41.38369
2.1830398,41.3863823
2.17856,41.3829
2.17817,41.38586
2.18415479982,41.3842625939
2.1828599,41.386219
2.1820648,41.3844562
2.1827921,41.385273
2.1803139,41.3833715
2.18329332769,41.3845123681
2.18049,41.38385
2.1836182,41.3838764
2.18086,41.38395
2.1822224,41.3833995
2.18047,41.38496
2.18235,41.38698
2.1803,41.3840999
2.18149,41.38402
2.18134,41.3862915
2.14396,41.35803
2.17939,41.38443
2.17919,41.38439
2.18336,41.38377
2.1831901,41.3843193
2.18043,41.38619
2.18269,41.3851
2.1802101,41.3850784
2.18262,41.38469
2.1824499,41.38564
2.18178,41.38348
2.18202,41.38725
2.18233,41.38331
2.1815642,41.3836419
2.18329,41.3839
2.1822499,41.38591
2.1803999,41.387001
2.18154,41.38469
2.17901,41.38471
2.18327,41.38474
2.18357921,41.38455391
2.17492,41.38477
2.18148,41.3840999
2.18014776707,41.3869144153
2.1848199,41.3838997
2.1825899,41.38417
2.18284,41.38414
2.1838063,41.38443857
2.18319,41.38432
2.1830478,41.3855642
2.1964511,41.3850872
2.2026205,41.3873804
2.114448,41.3812534
2.1360619,41.3824071
2.1352,41.38235
2.14439,41.37814
2.14299,41.37895
2.15084195137,41.3813731467
2.14929990247,41.380258649
2.1472823,41.380801
2.15139,41.38046
2.1539067,41.3807432
2.15687,41.37909
2.15567,41.37907
2.15811,41.38267
2.156063,41.3819468
2.16303,41.37959
2.1585,41.37836
2.16277,41.38249
2.15848,41.37891
2.164555,41.3816663
2.15891,41.38687
2.15882,41.38604
2.1615701,41.3851089
2.1703601,41.3782082
2.1659421,41.3824025
2.16902,41.38228
2.16565,41.38261
2.16994635582,41.3780563538
2.16527867,41.37813056
2.1677066,41.3807678
2.1714,41.37983
2.16824,41.38027
2.16911700267,41.3792539242
2.16821,41.38241
2.17216,41.38214
2.1752601,41.3807487
2.17734,41.38083
2.17488,41.3800201
2.1778,41.38237
2.1763301,41.3819809
2.17666525394,41.3814984266
2.17488,41.38002
2.17476,41.3818399
2.17526,41.38125
2.17233,41.38099
2.1723299,41.3816795
2.17462,41.38267
2.17443,41.38187
2.17592,41.37864
2.17408,41.38148
2.1761401,41.3794098
2.17429,41.38194
2.17535859693,41.3797474351
2.17517,41.37979
2.17317,41.38261
2.17706,41.38098
2.17483,41.38089
2.1761,41.38192
2.18080706604,41.3801760584
2.17852004151,41.3821695366
2.1801335,41.3817728
2.17889,41.38198
2.181218,41.3807042
2.18386698514,41.3818199271
2.18313901164,41.381381148
2.17869,41.38044
2.18158,41.38247
2.1784,41.37944
2.18077,41.38007
2.18856,41.3817
2.1876,41.38171
2.188365,41.378936
2.186459,41.38198569
2.18821048737,41.3783623303
2.1907362,41.3786946
2.1886403,41.3781306
2.18104,41.3804016
2.18939065933,41.3787648539
2.188814,41.3804061
2.13217,41.3766098
2.13717154119,41.3755027337
2.13624,41.37558
2.15010166168,41.3759873901
2.14917778818,41.3754840895
2.149630934,41.3759491489
2.15124,41.37693
2.14932918413,41.3762107748
2.1545601,41.3742409
2.15525,41.37643
2.15745,41.3736
2.15785,41.37719
2.16260999352,41.3744045598
2.1627,41.37573
2.1607699,41.3766785
2.15876,41.37748
2.16298316351,41.3816615635
2.1634699,41.38019
2.15894,41.3870999
2.17054,41.37359
2.17788219431,41.3773840649
2.17489,41.37726
2.1742246,41.3797886
2.17451,41.3821299
2.1724601,41.3823395
2.17485,41.38245
2.1751599,41.3821602
2.18353271484,41.3756774339
2.18938,41.37731
2.19038288459,41.3759201148
2.14839679981,41.3695307209
2.14845,41.3687
2.15453300625,41.3726930235
2.16314,41.37229
2.15931159078,41.3723082595
2.1682601,41.3801994
2.1712401,41.3807297
2.17665,41.38165
2.17632,41.3812799
2.1779799,41.3822199
2.1721599,41.3809509
2.17713,41.38094
2.17543647,41.37857795
2.17471,41.3818399
2.1730871,41.3780371
2.1749201,41.3816414
2.1783199,41.38103
2.17898,41.37906
2.19039916992,41.3693370964
2.18975,41.3685
2.190338,41.368552
2.12344,41.35967
2.1550775,41.3725567
2.167673,41.387108
-3.70771,40.41577
-3.68877017384,40.4529372599
-3.6856,40.50508
-3.67341655548,40.5042717084
-3.67128,40.50569
-3.67246528276,40.5049852496
-3.67260116394,40.4998011117
-3.67151498795,40.4820135405
-3.71368,40.43525
-3.72348,40.48117
-3.71504,40.48149
-3.70642,40.47641
-3.68775454424,40.4766547796
-3.6872162,40.4756141
-3.6875801,40.4746094
-3.70667,40.4158
-3.80192,40.46917
-3.69262816414,40.4191409076
-3.69393,40.46262
-3.69325,40.46398
-3.69302,40.4642
-3.6921,40.46568
-3.69176,40.46353
-3.68865662849,40.4638796747
-3.70745,40.41983
-3.67,40.46428
-3.63579,40.46288
-3.5926,40.46337
-3.69573,40.46157
-3.69532314527,40.4598541446
-3.69205,40.4614
-3.69172,40.45989
-3.6914501,40.462841
-3.69154,40.46134
-3.69238,40.45707
-3.68558,40.4587
-3.68687,40.4611
-3.69287,40.45743
-3.68431,40.4601
-3.68195,40.45877
-3.67469,40.45829
-3.6777,40.45817
-3.67642,40.45817
-3.67995,40.45713
-3.6349,40.46111
-3.6242,40.45714
-3.70871,40.45697
-3.69433,40.45525
-3.69334,40.45305
-3.69917,40.45236
-3.69593,40.45304
-3.6918,40.45751
-3.6881,40.4544
-3.68911,40.45563
-3.6885,40.45214
-3.68111,40.4560699
-3.67909,40.4548
-3.70122,40.45211
-3.69841468798,40.4502136334
-3.69837,40.4507
-3.69816,40.45008
-3.69849,40.44937
-3.67857,40.45135
-3.67884,40.44824
-3.67756,40.44942
-3.68179,40.45145
-3.67068,40.44835
-3.66765,40.45219
-3.669806,40.447099
-3.67465,40.453
-3.65509,40.44771
-3.63628495848,40.4478661897
-3.57088,40.44941
-3.70959,40.44483
-3.704,40.44621
-3.70003,40.44618
-3.69759,40.4479
-3.7031901,40.4447784
-3.69311610372,40.4468714703
-3.67823916729,40.4464001516
-3.68679,40.45167
-3.68067,40.44301
-3.68073,40.4424599
-3.69754,40.42204
-3.67252,40.4465999
-3.71895,40.43853
-3.70659011658,40.4419501961
-3.6992,40.44135
-3.69907,40.44033
-3.69893,40.44461
-3.6956999,40.4438782
-3.6970899,40.4395714
-3.69384,40.438
-3.69927,40.43786
-3.69977,40.43781
-3.69285,40.4388
-3.69204181488,40.4379164039
-3.67118,40.44257
-3.67158,40.44224
-3.67083,40.44114
-3.67114,40.4417
-3.63005,40.44035
-3.71649,40.43589
-3.71753,40.43538
-3.71507,40.43314
-3.717368,40.432316
-3.71117,40.43691
-3.69839,40.42216
-3.7098,40.4328003
-3.70452,40.43448
-3.70603,40.43489
-3.7030399,40.4337311
-3.69897,40.43596
-3.69897264297,40.4337517086
-3.70659,40.43269
-3.70288,40.43219
-3.6915,40.43885
-3.69221,40.43822
-3.68998,40.43616
-3.68927,40.4338
-3.68968147095,40.4356299364
-3.68491,40.43517
-3.71432304382,40.4126791666
-3.68449,40.4362793
-3.67941,40.4362799
-3.67906,40.4367
-3.69177,40.42534
-3.67685449153,40.4325847897
-3.67249,40.43817
-3.67007,40.43453
-3.67191,40.4321399
-3.65928,40.43483
-3.6398,40.43682
-3.63822,40.44225
-3.638447,40.437677
-3.72239,40.42993
-3.71729,40.42631
-3.71693,40.43246
-3.71791,40.4326099
-3.70772,40.43087
-3.7055,40.43157
-3.70633,40.42843
-3.70686,40.42949
-3.70796,40.42964
-3.70956,40.4289599
-3.69934,40.42872
-3.69764,40.43021
-3.70273,40.4322299
-3.70217,40.43118
-3.69348,40.43103
-3.69744,40.42815
-3.69709,40.42838
-3.68695,40.4322
-3.68861,40.42785
-3.68604,40.43175
-3.68746,40.42863
-3.68941038662,40.4279793488
-3.6845,40.4301605
-3.69277,40.42877
-3.68777,40.43262
-3.68725730124,40.4277786552
-3.68354,40.42984
-3.6872001,40.4277687
-3.68579,40.42772
-3.68485,40.42893
-3.68321,40.42899
-3.68373,40.42751
-3.68039,40.43031
-3.67906,40.42988
-3.68502,40.42829
-3.6849,40.42854
-3.68506,40.4271699
-3.678146,40.4334
-3.67168,40.43113
-3.67205,40.43009
-3.6789,40.43276
-3.70438,40.41742
-3.67366,40.42881
-3.7141,40.42731
-3.71369,40.42469
-3.71025,40.42759
-3.71037483215,40.4231345215
-3.70958,40.42719
-3.70482,40.4259
-3.70379,40.42753
-3.70365,40.42743
-3.70074,40.42656
-3.70235,40.4262
-3.70322,40.42744
-3.7017,40.42706
-3.70353,40.4269
-3.69737,40.42783
-3.69692,40.42487
-3.69573,40.42621
-3.69214,40.425
-3.69626,40.42516
-3.6947,40.42257
-3.69736,40.42583
-3.70057,40.4242
-3.69745,40.42411
-3.68928,40.42649
-3.68609,40.4236
-3.68707,40.42382
-3.68876,40.42647
-3.68775,40.42699
-3.68781,40.42659
-3.6858,40.42376
-3.69208,40.42603
-3.68513,40.4276
-3.68529,40.4239
-3.6845801,40.4221611
-3.68408,40.42334
-3.6840799,40.4233398
-3.68326,40.4238
-3.68546955222,40.425554049
-3.67864,40.4262299
-3.67901,40.42313
-3.67806,40.42504
-3.6786,40.4242599
-3.67927464307,40.4243075324
-3.67302,40.42483
-3.677099,40.423881
-3.67185,40.42701
-3.66774,40.42471
-3.67344703964,40.4224165402
-3.67282,40.42445
-3.7232,40.42264
-3.71356934309,40.4219154944
-3.7098,40.42219
-3.70842,40.42073
-3.71042,40.42074
-3.70988,40.4212
-3.70619,40.42134
-3.70156,40.4215
-3.70444,40.42101
-3.70795,40.41959
-3.69857,40.41959
-3.69695,40.42284
-3.6957,40.42221
-3.69786,40.42226
-3.69667,40.42193
-3.69865063192,40.4216347612
-3.69054,40.42213
-3.69071,40.4221999
-3.6903,40.42188
-3.68735,40.4205284
-3.68906,40.42066
-3.69021004092,40.4219875244
-3.68981021698,40.4210518788
-3.68921,40.42059
-3.68993639946,40.4216479998
-3.68451,40.42296
-3.68418,40.42181
-3.6723,40.42151
-3.67981,40.42312
-3.67666,40.4203
-3.67524,40.4202
-3.6793001,40.4203491
-3.67712,40.4204788
-3.67744,40.42362
-3.6815,40.42383
-3.67502,40.41945
-3.67996,40.42348
-3.67399,40.4179993
-3.67429,40.41946
-3.67406,40.42434
-3.66927352242,40.4244584338
-3.67004,40.4243499
-3.72207665764,40.4131408402
-3.71052223499,40.4178785887
-3.70962,40.41699
-3.70648,40.41713
-3.70803,40.4140587
-3.70614,40.41705
-3.70961263597,40.4180440746
-3.70429,40.41702
-3.71037,40.4173199
-3.7099,40.41614
-3.70768,40.41474
-3.70206534863,40.4168982612
-3.69702980957,40.4176150946
-3.69473,40.4159999
-3.69576,40.41547
-3.69714,40.41935
-3.70072,40.4164699
-3.69758,40.4197
-3.6999,40.4178799
-3.70036,40.42036
-3.6891,40.41774
-3.67761,40.41565
-3.67342,40.41921
-3.67535,40.4204
-3.70967,40.41207
-3.715,40.41183
-3.71019,40.41162
-3.71067,40.41222
-3.71166445436,40.4122216984
-3.71078,40.41353
-3.70941,40.41231
-3.71,40.41307
-3.70915,40.41339
-3.70834,40.4128
-3.70878,40.4128
-3.70171,40.41273
-3.69879,40.41142
-3.70141,40.41491
-3.69724,40.41287
-3.69317218563,40.4095406542
-3.69467,40.4106499
-3.69541,40.41252
-3.69688552758,40.4127781325
-3.6954564,40.407531
-3.69897,40.41566
-3.69838,40.41489
-3.69076,40.41288
-3.66973,40.40907
-3.66793,40.41249
-3.75326,40.40593
-3.72453,40.40699
-3.70810031891,40.4152604834
-3.69755,40.40806
-3.69343,40.4071799
-3.69917,40.40828
-3.69715,40.4075
-3.68024,40.40747
-3.6768,40.40522
-3.67746,40.40687
-3.75345,40.40225
-3.71473,40.40231
-3.70094,40.40403
-3.69422,40.40014
-3.67426,40.40112
-3.67447,40.40196
-3.62079,40.39763
-3.60754418166,40.3986904298
-3.717124,40.397206
-3.69778,40.39803
-3.664868718,40.396408595
-3.66666,40.39504
-3.66115,40.39477
-3.70296,40.38678
-3.68838,40.3910399
-3.6794,40.39221
-3.61574,40.38313
-3.70271,40.38339
-3.6583,40.41181
-3.6921251,40.3515201
-3.70069,40.541787
-3.71393611014,40.5100857021
-3.69360566139,40.5098430909
-3.67282886992,40.5106022656
-3.69521097356,40.5066256836
-3.7070634261,40.5033512443
-3.66998855951,40.5037999717
-3.6878446117,40.4973516635
-3.66473201662,40.4983589872
-3.56773654268,40.4965522081
-3.55074,40.4542
-3.71212,40.48234
-3.7042899,40.4816399
-3.68690047413,40.4802024044
-3.6713843,40.4806659
-3.55906,40.45229
-3.7140423,40.4755042
-3.70495417,40.47932489
-3.686134,40.47534
-3.6863859,40.4781844
-3.68791578955,40.4771473432
-3.6862367,40.4700645
-3.68244033331,40.4715928095
-3.67677,40.47205
-3.6417899,40.47295
-3.5826,40.47091
-3.79452,40.46749
-3.67409795523,40.4679697088
-3.66391,40.46846
-3.70639175177,40.4613320104
-3.6920525,40.4613832
-3.69276,40.46231
-3.69777,40.46067
-3.6920743,40.4629279
-3.6875601,40.4624596
-3.6902047,40.4629713
-3.6866305178,40.4614010979
-3.68749,40.46343
-3.689261,40.4615421
-3.6543177,40.4613893
-3.63260686398,40.460184848
-3.6170325,40.4633017
-3.6921644,40.4576797
-3.69173,40.4577599
-3.6876752,40.4561433
-3.6880775,40.4561509
-3.68722,40.45567
-3.6884105,40.4552689
-3.686754,40.4589331
-3.68543,40.46008
-3.68179,40.45901
-3.67991,40.45593
-3.67662,40.45789
-3.65895,40.45515
-3.61918,40.4569588
-3.70284,40.4531599
-3.70119,40.4534
-3.7010066,40.4504813
-3.6928401,40.4532585
-3.6864629,40.4520478
-3.6883467,40.4521353
-3.68752,40.45127
-3.6841053,40.4517534
-3.68041,40.45185
-3.67699,40.45178
-3.5884337552,40.4544047797
-3.5859702,40.4518972
-3.71037274691,40.4466985198
-3.69883,40.44586
-3.69326600567,40.4492803446
-3.6956301,40.4482994
-3.69216,40.44657
-3.69559,40.44539
-3.69237208191,40.4473237616
-3.68650854,40.4353711
-3.67331,40.4459686
-3.66905,40.44654
-3.66764,40.4482307
-3.66009,40.4492798
-3.66393,40.4472
-3.6559987,40.447312
-3.57057,40.44941
-3.71535186463,40.4405216754
-3.69752,40.44028
-3.69533,40.4446299
-3.6772717,40.4443464
-3.6760726,40.4430584
-3.67422837764,40.4443138861
-3.67539,40.44186
-3.66822,40.44492
-3.67016,40.44231
-3.65486,40.4415156
-3.65790539154,40.4414162277
-3.64759482274,40.4433293846
-3.63833,40.4424
-3.6130552,40.4450298
-3.71404,40.4383316
-3.7131318,40.4372354
-3.7138978,40.4388244
-3.71318581762,40.4365024478
-3.71647,40.43936
-3.71273,40.43841
-3.71,40.43972
-3.70695,40.43619
-3.7079,40.43939
-3.7080901,40.4393616
-3.69932,40.43729
-3.7007401,40.4362411
-3.7044873,40.4359876
-3.698393,40.439596
-3.70442,40.43784
-3.6944699,40.4377708
-3.6930143,40.4393981
-3.69709,40.43576
-3.69286,40.4396
-3.6870899,40.4360809
-3.6865699,40.4366608
-3.6904299,40.4387207
-3.68627,40.4355202
-3.6874405,40.4368249
-3.6818399,40.4352989
-3.6792293,40.4374266
-3.68106297805,40.4399702507
-3.67209535092,40.4361986231
-3.6438286,40.4353476
-3.61989,40.4360799
-3.70767,40.45233
-3.80464833522,40.4318686438
-3.7181972,40.4345854
-3.71646,40.43039
-3.71582,40.43316
-3.71719033069,40.4322326402
-3.71291,40.43044
-3.7143,40.43058
-3.7133322,40.4346066
-3.70555,40.4342
-3.70569,40.43049
-3.7100899,40.4348793
-3.7100763021,40.4310743238
-3.7088699,40.4332619
-3.7085299,40.4316597
-3.70509,40.43242
-3.7087514,40.4313037
-3.7047701,40.4335785
-3.7039242,40.4348172
-3.7027299,40.4344482
-3.70451,40.43478
-3.70132,40.43103
-3.69836,40.4345284
-3.69651,40.4309
-3.6929234,40.4316749
-3.6858226,40.4352042
-3.6907218,40.4348337
-3.6840701,40.4338303
-3.6829721,40.4304172
-3.67757,40.43118
-3.67756,40.4313
-3.677071,40.4312841
-3.67653150184,40.4347897601
-3.6779,40.43139
-3.6734,40.43191
-3.67475,40.43254
-3.67188,40.43388
-3.66533,40.431
-3.6530224,40.4323305
-3.6288352,40.4346454
-3.72523832321,40.4277229309
-3.71861,40.42971
-3.7222649,40.429498
-3.72022,40.42895
-3.71799,40.42991
-3.71917,40.4279
-3.71777,40.4268
-3.71566,40.4298
-3.7114201,40.4261208
-3.71697,40.42564
-3.71354,40.42776
-3.70547,40.42797
-3.7092557,40.4267587
-3.70929,40.42656
-3.7078083,40.4266714
-3.70675,40.42884
-3.70927,40.42642
-3.70696,40.42646
-3.7107716,40.4268132
-3.7089324,40.4269306
-3.70862,40.42562
-3.70629,40.4285698
-3.70433612116,40.4258816394
-3.70429,40.43014
-3.69954,40.42828
-3.69855,40.42562
-3.7029943,40.4256325
-3.70433956205,40.4282031094
-3.70262,40.43006
-3.69852269,40.42566698
-3.70188,40.42581
-3.70314,40.42619
-3.70398,40.42662
-3.70187,40.426651
-3.70367,40.42668
-3.70145,40.42731
-3.70337,40.43009
-3.70100587606,40.4299908817
-3.70215,40.42618
-3.70383,40.42552
-3.7033507973,40.4290631803
-3.70322,40.42996
-3.70307,40.42742
-3.7008788,40.4288715
-3.70115,40.4272
-3.7025,40.42621
-3.70252,40.42566
-3.70241,40.4267883
-3.70345,40.42935
-3.70223231614,40.4288396113
-3.70279625,40.42908937
-3.70366046,40.42629799
-3.69947836,40.42685509
-3.7012755,40.4265234
-3.69640575566,40.4261655118
-3.6963201,40.4262505
-3.69413,40.4261
-3.6941,40.42622
-3.69371,40.4286
-3.6931701,40.4282417
-3.69407,40.42651
-3.69814,40.4261399
-3.69473,40.42815
-3.6976648,40.4301849
-3.6926899,40.4273987
-3.69751,40.42607
-3.6932113,40.4273186
-3.69571871206,40.4285198592
-3.69447,40.42683
-3.69576,40.42594
-3.6970731,40.4261228
-3.69381,40.4265
-3.69527,40.42565
-3.68783,40.4278199
-3.68851750761,40.4263395015
-3.68576,40.42912
-3.68962526321,40.4265168485
-3.6872668,40.4285637
-3.6917842,40.4299935
-3.68646226823,40.4264938782
-3.68639,40.42722
-3.6879608,40.4257691
-3.68647,40.42775
-3.68578679,40.43021927
-3.6879301,40.42593
-3.69175,40.4301699
-3.6916299,40.4281807
-3.68699,40.42794
-3.68592,40.42789
-3.68627,40.4266099
-3.687866,40.425389
-3.6840069294,40.4250717163
-3.68401,40.42892
-3.6842429,40.4262608
-3.6846042,40.4278368
-3.685338,40.430248
-3.6791699,40.4261703
-3.6851,40.42682
-3.68495,40.42794
-3.68518822,40.42699389
-3.68136,40.42554
-3.68246645,40.4302454
-3.68081,40.4299812
-3.68525,40.42738
-3.68489,40.42628
-3.68355,40.42953
-3.6813167,40.4265399
-3.67786,40.42873
-3.67354,40.43029
-3.6745,40.42969
-3.67407,40.42697
-3.67876,40.430079
-3.6757021,40.4274495
-3.6747,40.42715
-3.67802,40.42987
-3.67346,40.42994
-3.6755608,40.4290677
-3.67862116545,40.4267279192
-3.67416,40.42968
-3.67792,40.42611
-3.67435,40.42556
-3.67542846067,40.4295798905
-3.67156,40.42985
-3.6698304,40.4281515
-3.67044,40.42743
-3.66963,40.42814
-3.6677871,40.4294491
-3.67071,40.4287599
-3.60421597322,40.4265169081
-3.7226901,40.4225006
-3.72184,40.42154
-3.72115514098,40.4208567499
-3.71240258217,40.4204554916
-3.71124,40.42065
-3.71372,40.42452
-3.71581,40.42056
-3.7144,40.42449
-3.71021524,40.42510763
-3.70628,40.4214
-3.7096583096,40.4248743614
-3.7074103,40.421387
-3.705293,40.421926
-3.70779,40.42121
-3.70985429966,40.4229133898
-3.70891,40.42359
-3.70998,40.4225998
-3.70886,40.42071
-3.7055,40.41984
-3.7078001,40.4212243
-3.70512,40.42364
-3.7076527,40.42113
-3.6984496,40.4218318
-3.70149,40.42139
-3.70028,40.42504
-3.69896483989,40.4206402386
-3.70133,40.42469
-3.70366,40.42119
-3.70396315827,40.4209632643
-3.7007101,40.4225998
-3.70154196,40.42348145
-3.70178,40.42165
-3.69896,40.42309
-3.70098,40.42048
-3.70089,40.42248
-3.70099,40.4220505
-3.70252,40.4234099
-3.7023051,40.4240328
-3.7020099,40.4245186
-3.6987801,40.4204903
-3.7014165,40.4208674
-3.70063,40.42474
-3.69657,40.42458
-3.69805,40.42116
-3.69216844124,40.4211563336
-3.6943897,40.4219775
-3.69546,40.42403
-3.69783,40.42481
-3.69685,40.42065
-3.69326,40.42261
-3.6961492,40.4226536
-3.695,40.425
-3.69798,40.42137
-3.69748,40.4242706
-3.6973701,40.4242096
-3.69565,40.42295
-3.69412,40.4229
-3.69667,40.42241
-3.69558,40.4240685
-3.70059,40.42321
-3.69742583,40.42424831
-3.7004592,40.422957
-3.70051,40.4230499
-3.69993,40.42199
-3.70071,40.4226
-3.7006463,40.4229375
-3.6914501,40.4241409
-3.6897199,40.4212112
-3.68591,40.42138
-3.6863699,40.4234886
-3.68975,40.4217796
-3.6902756989,40.4218769528
-3.6854701,40.4235001
-3.69548,40.42353
-3.6948099,40.4244003
-3.68841,40.42069
-3.6870501,40.4226494
-3.69563,40.4232
-3.69288,40.4224
-3.68863450285,40.4225378857
-3.68699,40.42156
-3.69528,40.42489
-3.6877329,40.4250393
-3.69296,40.42253
-3.69609,40.4252396
-3.68714,40.42198
-3.6891061002,40.4214600714
-3.6790099,40.42313
-3.6796171,40.4228751
-3.67687,40.42349
-3.67499,40.42224
-3.6745999,40.4224892
-3.67431588471,40.4210803359
-3.672459,40.4251665
-3.67616,40.42497
-3.67668,40.4233199
-3.6771711,40.4248685
-3.6782,40.4218
-3.67752,40.42414
-3.67352448079,40.4232856787
-3.6785825,40.4248284
-3.67876459,40.42371146
-3.67111,40.4247
-3.67086,40.42405
-3.6723039,40.421517
-3.62756224556,40.4229118425
-3.73217,40.41583
-3.71323,40.41516
-3.71169687132,40.4159689157
-3.708589077,40.4193267822
-3.70765,40.41661
-3.71087,40.41859
-3.70826996863,40.4198040955
-3.71051,40.41983
-3.70872,40.41729
-3.70982,40.4185905
-3.70848,40.4189999
-3.70734,40.4171
-3.70911,40.41966
-3.70816032365,40.4177424976
-3.70582,40.41948
-3.70551,40.41705
-3.70901,40.41868
-3.70613,40.41587
-3.70819,40.41716
-3.70574403165,40.4174954871
-3.70492,40.41695
-3.7072969,40.4174514
-3.7075153,40.4165846
-3.7061774,40.4157333
-3.71117,40.4192899
-3.70847,40.41848
-3.70773,40.4163
-3.70823,40.41777
-3.70749,40.4165916
-3.70769,40.4162483
-3.69878,40.41998
-3.69891,40.42002
-3.70313,40.41961
-3.69882,40.4199
-3.70137,40.4166
-3.70011167,40.41935495
-3.69888,40.41964
-3.70211,40.41605
-3.70416,40.41988
-3.70313,40.41814
-3.70443,40.41928
-3.69861765628,40.4192995257
-3.70482,40.4189099
-3.70268227862,40.4156900688
-3.69873673,40.41657418
-3.70213,40.41869
-3.70222,40.4165115
-3.70222,40.41626
-3.69708442688,40.4192581177
-3.69588,40.41592
-3.69673,40.4169
-3.69555,40.417
-3.6970891,40.4201243
-3.69595494121,40.4161271117
-3.6921287,40.4159796
-3.69824,40.42034
-3.69620002806,40.4201137137
-3.69951,40.42029
-3.7017589,40.4155125
-3.7010901,40.4203415
-3.69617440566,40.4178397114
-3.6889764,40.4189809
-3.67900371552,40.4189117339
-3.67868889123,40.4195159171
-3.676454,40.4179205
-3.67539,40.41949
-3.67619,40.41625
-3.67322803,40.41819781
-3.7324950099,40.4141469963
-3.73083,40.41293
-3.7317,40.41261
-3.72767,40.41386
-3.7113299,40.4140816
-3.71244,40.4135017
-3.70843,40.4130899
-3.708879,40.4137065
-3.70921,40.4121
-3.7085408,40.4139133
-3.70776,40.41397
-3.71086,40.41184
-3.70768,40.4147415
-3.70824,40.41175
-3.70920491219,40.4147644043
-3.7089,40.41457
-3.70737,40.41397
-3.7060299,40.4127693
-3.70826,40.41389
-3.69889,40.41537
-3.69936478038,40.413754938
-3.70461,40.41482
-3.70136260986,40.4147091028
-3.698539,40.4149738
-3.69907,40.41424
-3.7016493,40.4127797
-3.700654,40.414935
-3.70102,40.41436
-3.69997,40.41518
-3.70122,40.41389
-3.70164,40.41384
-3.69582,40.41417
-3.69773559,40.41433051
-3.69831,40.41386
-3.69801221815,40.4107007241
-3.69634,40.41241
-3.69630506947,40.4126915071
-3.6565,40.19379
-3.70049,40.4138794
-3.6999021,40.4136319
-3.6913,40.41287
-3.69375,40.41157
-3.69381487,40.4116255
-3.6842358,40.4154235
-3.70773,40.40968
-3.70765,40.41031
-3.70748,40.40856
-3.70744,40.40716
-3.70893366,40.41010526
-3.70821,40.4105
-3.7079101,40.4104805
-3.70969,40.409
-3.70749,40.4081383
-3.70856,40.4070702
-3.64944,40.38958
-3.7074988,40.4142709
-3.7099472,40.4085468
-3.70885,40.41057
-3.7082,40.40985
-3.70736511132,40.40809966
-3.70889,40.40791
-3.70518546386,40.4168932711
-3.6999,40.40819
-3.69978,40.40695
-3.70225,40.40793
-3.694038,40.408561
-3.69219,40.40605
-3.70239,40.41528
-3.6927769,40.4099781
-3.699,40.4153499
-3.69974526988,40.4138094261
-3.69235,40.4060599
-3.6984,40.41258
-3.69779,40.41232
-3.6982,40.41384
-3.7001381,40.4167952
-3.7002101,40.4197311
-3.67921,40.4065299
-3.67854405195,40.4070120223
-3.67732,40.4071884
-3.6521466,40.4056372
-3.74423,40.40502
-3.7446369,40.4048251
-3.72468,40.4045
-3.70951,40.41004
-3.70699453016,40.4030688205
-3.70966,40.40934
-3.70073,40.4056799
-3.703946,40.4130282
-3.6969,40.40383
-3.6946199,40.4006195
-3.69805,40.40079
-3.6808251,40.4026298
-3.674226,40.4050636
-3.67543,40.40323
-3.60622149,40.40234263
-3.70396905397,40.4005264272
-3.69398251176,40.4000417429
-3.6699686,40.3988726
-3.75802937116,40.3926750071
-3.72031,40.39544
-3.69534,40.39449
-3.6762734,40.3936035
-3.67592009948,40.3947551409
-3.75894,40.38581
-3.70092,40.38729
-3.70303,40.38714
-3.70161,40.3861
-3.70482,40.38603
-3.69331,40.3882904
-3.69136,40.3861809
-3.66517400733,40.3878642818
-3.78316,40.3796
-3.74835,40.38199
-3.71198,40.38558
-3.71113,40.3853099
-3.70807,40.3855
-3.70741,40.38574
-3.66977,40.3848
-3.72689,40.37356
-3.685356,40.426506