lon,lat
2.15578,41.39872
2.17719,41.44098
2.17673,41.44045
2.19827882,41.4405922533
2.16752,41.38791
2.16,41.3686111111
2.16064,41.4308
2.1579799,41.39391
2.1687046,41.4310313
2.16043,41.43166
2.1729454,41.4363056
2.17248908645,41.4304562613
2.17422,41.43043
2.1760299,41.4301796
2.17519000679,41.4294713807
2.17524,41.43882
2.1804199,41.43011
2.18924,41.4325485
2.16032737549,41.3870672377
2.15645,41.40272
2.16256970222,41.429216428
2.17355,41.42882
2.17177040883,41.3934500257
2.18318,41.4255799
2.203,41.39961
2.19046,41.42495
2.1763,41.42577
2.18182,41.42326
2.18095,41.42357
2.17873,41.42279
2.18768,41.4216399
2.19888,41.42207
2.1576,41.41822
2.15935,41.41483
2.179282,41.419136
2.1988699,41.4179916
2.15321,41.38093
2.1370664,41.4100533
2.1622499,41.38631
2.14547866638,41.4110178985
2.1646645,41.4148712
2.16385,41.41465
2.1733699,41.4106
2.17464923859,41.413219689
2.1803801,41.4103813
2.21589,41.41031
2.1464,41.41064
2.150417,41.411902
2.15068,41.40538
2.16369509697,41.4084803152
2.16052,41.40829
2.15387,41.41249
2.16021,41.40833
2.1605,41.40874
2.16029,41.4055
2.15888,41.40571
2.16416769109,41.4052083312
2.16074,41.3748099
2.1745367,41.4091088
2.1742499,41.40742
2.17293,41.4073792
2.17453,41.40849
2.17676150765,41.406063413
2.18461,41.40918
2.1817,41.40989
2.1915,41.4048
2.19336,41.40914
2.19665,41.4100899
2.19791064042,41.4061542043
2.20936,41.40798
2.1220801,41.4000282
2.12255,41.40058
2.14606,41.40052
2.14669,41.40375
2.15498,41.40537
2.15393370002,41.4050410691
2.15413,41.40483
2.15668911231,41.4016284131
2.15415,41.4033
2.16019,41.39963
2.1591353,41.4007794
2.16192,41.40369
2.15788,41.40296
2.16493,41.40422
2.17177554499,41.402490237
2.16456,41.40369
2.1668799,41.4054604
2.1616001,41.4037895
2.16005,41.40276
2.1616499,41.4018898
2.16223,41.40209
2.162680175,41.4053876
2.17387,41.40416
2.17883348465,41.4059616279
2.1867399,41.4012108
2.19109751742,41.4050669094
2.20113,41.40131
2.17746,41.383
2.20104217529,41.4020667242
2.1976299,41.4036293
2.20294,41.40006
2.2063799,41.4016
2.12306,41.39758
2.12238,41.39816
2.12466,41.39832
2.1412,41.3992099
2.1467,41.39825
2.15448,41.378521
2.14844,41.39504
2.14549,41.39598
2.15042,41.39651
2.1446796352,41.395259311
2.14989,41.39973
2.15027,41.40102
2.15204471405,41.3959370934
2.16123,41.39864
2.15954303741,41.4007308151
2.16009,41.39955
2.15958,41.40094
2.16149924684,41.3983691119
2.1586599,41.39896
2.16217,41.39855
2.1608601,41.398941
2.16088,41.39782
2.1628301,41.3990402
2.1588299,41.4008408
2.15681,41.40006
2.15818935766,41.3993048294
2.16985,41.39776
2.16509,41.3995
2.16848,41.39817
2.17201,41.39752
2.16905,41.39688
2.16337,41.3997
2.17143,41.39983
2.16819,41.39349
2.17099345894,41.4000834264
2.173647,41.400299
2.17558,41.39692
2.17308,41.39814
2.1725,41.3968599
2.17891,41.39945
2.1817,41.3971901
2.17595,41.40206
2.18629115875,41.4006049524
2.18845,41.39906
2.19202,41.39676
2.18995,41.39785
2.20386499222,41.3992690132
2.2037499,41.3986702
2.20438,41.39856
2.19868,41.39628
2.20446,41.39878
2.20642,41.40007
2.12231,41.39002
2.1256,41.3911
2.16126,41.39046
2.13491,41.38981
2.1551999,41.3833
2.14507451667,41.3923677583
2.1473801,41.3941193
2.14738,41.39369
2.15341,41.39388
2.15694,41.39312
2.15446,41.39271
2.16619,41.3856899
2.16005,41.39568
2.16664,41.39467
2.16530555542,41.3939249818
2.17131,41.39114
2.16844,41.39465
2.17057,41.39146
2.17023,41.39436
2.17367,41.39
2.17144,41.39729
2.17399,41.39403
2.17469,41.39625
2.1730299,41.3971
2.17560523804,41.3942469239
2.17372,41.39319
2.1737076528,41.3927487547
2.17531,41.39294
2.17708,41.39635
2.16711,41.39627
2.181,41.38971
2.17839,41.39457
2.18071,41.3936
2.18065,41.3932915
2.186439,41.395418
2.18859,41.39589
2.18833,41.39435
2.18004,41.39181
2.18197,41.39574
2.18971252441,41.3910084323
2.19103,41.3968
2.19506,41.3987694
2.18854,41.39352
2.20386736177,41.3928331489
2.1985,41.39118
2.11257,41.38705
2.12393,41.38703
2.128841,41.3883248
2.13249,41.38676
2.13647228344,41.3893757066
2.14384,41.39006
2.14434,41.38788
2.13845,41.38995
2.1429999,41.3857918
2.14068,41.39106
2.14675,41.38991
2.15013,41.38868
2.1535,41.39028
2.15353,41.38978
2.15514,41.38969
2.1591999,41.3897199
2.15978,41.38621
2.1585582355,41.3906796505
2.16207,41.38789
2.16265,41.38745
2.16036,41.39114
2.16223,41.38998
2.15883,41.39059
2.15794,41.39101
2.16314,41.38929
2.16724,41.38704
2.17246,41.3891
2.1724899,41.38798
2.17183,41.38905
2.17885,41.39007
2.17964,41.38948
2.18173,41.38739
2.18055,41.38739
2.17698,41.38966
2.18098,41.38797
2.1771818,41.3890637
2.17589,41.38715
2.1786699,41.3868713
2.17904,41.38924
2.18014,41.38857
2.14073,41.38067
2.14669,41.38515
2.14773,41.38533
2.14682,41.38576
2.15597,41.3842799
2.15332,41.38019
2.15785,41.38248
2.15925,41.38491
2.16079,41.38468
2.15968,41.38329
2.15873,41.38426
2.15914,41.38669
2.16637731022,41.3849192353
2.1633,41.38153
2.16404,41.38125
2.1605,41.38326
2.162,41.38624
2.16163,41.38677
2.16143,41.38604
2.15991,41.38686
2.16064,41.3823999
2.16318,41.38358
2.16641383333,41.384905
2.16963,41.38383
2.16965529306,41.3844826266
2.16820617534,41.3823759962
2.17594816575,41.3805430787
2.1671,41.3848686
2.16651,41.38263
2.16522,41.3868
2.16871377985,41.3817504382
2.172354,41.3846051
2.17936,41.38503
2.17948,41.38462
2.1787899,41.38453
2.1791,41.38355
2.18268,41.38432
2.18342,41.3817499
2.1789,41.38554
2.18276,41.38444
2.17691415604,41.3831229023
2.18287,41.38125
2.18425,41.38409
2.18289,41.38412
2.18927694318,41.3801441026
2.13841,41.37728
2.1371699,41.37943
2.1372120982,41.3770449375
2.13189462706,41.3793673327
2.13889,41.37543
2.14337,41.37805
2.15023,41.37608
2.1543701,41.3807297
2.15936178024,41.3798062555
2.16096,41.38058
2.1640799,41.37979
2.1641499,41.37632
2.16017,41.37793
2.16244,41.38133
2.1612201,41.3782997
2.16398,41.37738
2.1656,41.38203
2.16738,41.38111
2.16594392117,41.3792387055
2.16918,41.38012
2.16927,41.37835
2.1712,41.3782501
2.165067,41.380375
2.1684,41.37514
2.17134,41.37757
2.16893,41.37865
2.16917,41.37645
2.16645019019,41.3819913524
2.16864,41.37967
2.16807,41.3823
2.17282,41.3799599
2.1743,41.38036
2.17388888889,41.3822222222
2.17398133686,41.3803602473
2.17448,41.3805
2.17956,41.3797799
2.17914575394,41.3806112824
2.17800954375,41.379718375
2.17872,41.3793099
2.17902,41.38031
2.18091,41.38091
2.18881130219,41.3753433236
2.1909599,41.3794594
2.19114,41.3795
2.18997,41.3768699
2.18989,41.37894
2.18962,41.37902
2.12347,41.37646
2.13320374489,41.3742644979
2.13464,41.37534
2.13881,41.37619
2.13903,41.3750305
2.1390699,41.37627
2.1391,41.37543
2.1411699,41.37538
2.14336395264,41.3737170273
2.1459100029,41.3752483831
2.15149,41.37543
2.1479676,41.3733101
2.15962,41.3748099
2.16323,41.37421
2.16594,41.37308
2.16527,41.37334
2.16273063477,41.3761674096
2.16330885887,41.3731413731
2.1649825573,41.3744818747
2.1645572191,41.373699802
2.1636099,41.37407
2.16636,41.37515
2.16589,41.37515
2.16808319092,41.3745543335
2.16623,41.37566
2.1677399,41.37592
2.16609,41.3758
2.16894,41.37382
2.1654,41.37328
2.16338002,41.38471486
2.1729599,41.3778999
2.19066,41.37704
2.13442,41.37099
2.1445599,41.37127
2.17723,41.40043
2.13318,41.3603
2.13507,41.36599
2.13811,41.36464
2.158867,41.383773
2.1772429347,41.4457661298
2.1816849,41.4435751
2.199271,41.440917
2.200559,41.44289
2.17095320022,41.438675223
2.17326,41.4379
2.1756401,41.4392509
2.17309,41.43873
2.1805036,41.4376834
2.1818399,41.4418106
2.19623565674,41.4391232262
2.1969299,41.4424095
2.19898456216,41.4426814594
2.19988,41.44097
2.1999248,41.4406644
2.19843440229,41.4405964975
2.19861672833,41.4404414893
2.19831784035,41.4407266954
2.17270154499,41.4341077528
2.176268287,41.4356219255
2.1737943639,41.4325725231
2.1798201,41.4324913
2.19136,41.4369011
2.19124358909,41.4351563064
2.18651,41.43328
2.18803,41.4349
2.1886899,41.43464
2.18690693378,41.4357606741
2.1896,41.43694
2.2010145,41.4359049
2.1610012,41.4306961
2.17709,41.43039
2.18476351351,41.4281114634
2.18926,41.4299889
2.18922,41.43211
2.19246983528,41.4301064282
2.1553717,41.4235469
2.1744499,41.4260483
2.1745199,41.42232
2.1912,41.41791
2.18508259777,41.4228070498
2.1887704,41.4245737
2.19266821627,41.4240932267
2.11889719953,41.4215585074
2.14075684547,41.4207147774
2.17093214357,41.4185551372
2.17388,41.42104
2.18296,41.41811
2.18108529576,41.4206268702
2.1809,41.41822
2.18217,41.42066
2.1800799,41.41861
2.18791207761,41.4177542192
2.1866647,41.4187677
2.18791879714,41.4178855523
2.19811018556,41.4216357009
2.1984910965,41.4177360535
2.20348596573,41.4186477661
2.20373702049,41.4180908203
2.20619,41.4193799
2.2143988,41.4206942
2.13850651783,41.4144534125
2.16147671593,41.4138248046
2.15927837825,41.4125023157
2.16291306138,41.4142307862
2.16532960522,41.4148129662
2.17797,41.41342
2.17809,41.41413
2.18104,41.41458
2.18135107309,41.4136672563
2.18447,41.41461
2.1808562,41.4151204
2.18058,41.41705
2.19046019018,41.4132284895
2.1901255846,41.412858867
2.19011083245,41.4128825028
2.1898701,41.4127884
2.1853699,41.41655
2.2110674,41.416008
2.21582404285,41.4134926391
2.2113698,41.4125664
2.12542071042,41.4094814823
2.1381829,41.4117695
2.14963160455,41.4113061782
2.1470699,41.40885
2.15591271787,41.4103841528
2.1581299,41.41082
2.1577756,41.4083366
2.1586,41.41033
2.16112822,41.40750557
2.15984,41.40839
2.16061,41.4079
2.16068779194,41.4120239839
2.15933025,41.40808296
2.16369435524,41.4075963682
2.158485,41.4115975
2.1605703,41.4082479
2.16928482056,41.4099850435
2.1707599,41.4083786
2.171235,41.4116518
2.1700399,41.4076881
2.1751734,41.4085821
2.17191,41.40754
2.17439375818,41.4111570679
2.1744229272,41.4105216477
2.17695,41.4115899
2.17497713864,41.4098605728
2.17417732243,41.4109898158
2.1718099,41.40963
2.17805597931,41.4084760404
2.1720423,41.4083076
2.1748692,41.4114561
2.17442062383,41.4079169276
2.17668,41.4121499
2.18152,41.41148
2.17984,41.4106
2.1828112,41.4106249
2.17845,41.40758
2.176724,41.402749
2.1840451,41.408111
2.18294,41.40754
2.18067,41.41212
2.18467,41.40931
2.18202,41.40895
2.1881159395,41.4078179622
2.18952,41.40809
2.18844,41.40782
2.1865001,41.4085007
2.18627795577,41.4087549106
2.1856301,41.4089508
2.18825432945,41.4099838038
2.18657,41.4104
2.18539,41.40911
2.18846,41.41077
2.2112568,41.4082806
2.21616379917,41.4102209085
2.21688203632,41.4118049098
2.2150375892,41.4096496086
2.21534571539,41.4086496085
2.2166806917,41.4099745175
2.2168569,41.4110276
2.21744299,41.4108476
2.21649169922,41.4099689503
2.21622503857,41.4115351974
2.2156401,41.4091415
2.21547882631,41.4097159794
2.21821689606,41.4100532532
2.2177196862,41.4101822027
2.21787230466,41.4118951448
2.1277499,41.4033299
2.13247,41.40488
2.1362963,41.4035352
2.1363001,41.4025803
2.1380331,41.4057439
2.13767,41.40525
2.13429689407,41.4040527344
2.1389699,41.4064293
2.14315608144,41.4035756247
2.1517744,41.4039687
2.1493166,41.4030234
2.1498468,41.4060737
2.14987,41.40363
2.15148,41.40729
2.15172,41.4040108
2.14921,41.40298
2.1488824,41.4025497
2.1472,41.4034
2.15014,41.4026299
2.15134,41.4049
2.15662,41.40401
2.155272,41.4055525
2.15357995033,41.4029808044
2.15828,41.40316
2.15542,41.40511
2.1559499,41.40426
2.1583615,41.4026969
2.1570487,41.4036116
2.1551255,41.4039256
2.153346,41.403317
2.15768223385,41.4037633991
2.15560195065,41.404189942
2.15543,41.4045
2.15641,41.40623
2.15249705315,41.4029769897
2.1551,41.4038899
2.15646,41.4028206
2.15674,41.40329
2.1577799,41.40305
2.1557868,41.407144
2.15651720239,41.4027988136
2.15803,41.40261
2.15572124418,41.4071654898
2.1551665,41.4046997
2.1566,41.4026985
2.15794593428,41.4039500877
2.15596356414,41.4031561555
2.15336,41.40285
2.15778104628,41.4038768229
2.1565599,41.40346
2.15667,41.40407
2.15234332,41.40262127
2.159753,41.4037976
2.1595174,41.4028381
2.1587067,41.40264
2.1613699,41.40513
2.16094589233,41.4055557251
2.1622122,41.4053045
2.1601499,41.40639
2.16271,41.4027699
2.15977,41.40258
2.1606,41.40269
2.1642571,41.403109
2.16378093,41.40510499
2.16037567606,41.4029439762
2.16294,41.40576
2.16030344,41.40290156
2.15931,41.40374
2.1605,41.40459
2.16875681,41.40345275
2.1701218,41.4025053
2.16563,41.40306
2.167869,41.404139
2.16977,41.40288
2.16836,41.4055786
2.1761401,41.4047203
2.17292,41.40382
2.1745748,41.4068527
2.17812,41.40734
2.17429765298,41.4061944834
2.17338751933,41.4038731413
2.1728467,41.4071915
2.17591,41.40716
2.17423,41.40583
2.1745801,41.404911
2.17464,41.40252
2.17374092928,41.4040922833
2.178,41.40494
2.17657,41.40421
2.1726002,41.4038058
2.17364093,41.40386045
2.17393,41.40475
2.1742499,41.4069901
2.17571619805,41.4035249863
2.17624,41.40253
2.17739,41.40654
2.17403737245,41.4047897655
2.17406,41.40629
2.17334599505,41.4037967734
2.1743934229,41.4026738094
2.1772,41.4064
2.1731841,41.4034965
2.17637,41.40288
2.18376,41.40691
2.1803499,41.40366
2.17960418916,41.4058512419
2.18207,41.40715
2.1805006,41.4071602
2.1807599,41.40284
2.1836878,41.4060893
2.18213,41.40291
2.19034,41.4039192
2.18814041466,41.4024962615
2.19115018845,41.4024734497
2.19122968559,41.405421494
2.1924569,41.4049962
2.1964975,41.4037302
2.19200714459,41.4048856859
2.19477016479,41.4072222411
2.19233012199,41.4048080444
2.19406340271,41.4049383832
2.19453,41.40457
2.1925483172,41.4050586856
2.20320336521,41.4065080726
2.20039696701,41.405983906
2.2036204,41.4067221
2.20408007785,41.40250666
2.2028875351,41.4034347955
2.2033064,41.4047767
2.20620945096,41.4040650039
2.2130722,41.4046821
2.1316278857,41.3978603916
2.1435194791,41.3992330739
2.13934437009,41.4018589395
2.14551,41.4010887
2.1475401,41.4009573
2.14945864677,41.3986206055
2.14542,41.40177
2.15155,41.39777
2.1487078,41.3999835
2.157575,41.4005267
2.15398,41.3984604
2.15721,41.40022
2.15433,41.40237
2.1579799,41.40151
2.15724,41.40245
2.15802053889,41.4000769076
2.1546099,41.4009514
2.15797162177,41.400145246
2.15296,41.40222
2.1576,41.39981
2.1569024,41.4017615
2.15702,41.40085
2.15342223644,41.3981238018
2.15754006455,41.400293914
2.1562,41.40156
2.15472042561,41.3985981321
2.1526,41.398159
2.15671,41.40135
2.15691,41.40181
2.1568301,41.3993111
2.1565377,41.3990572
2.1569,41.39759
2.1569372,41.3987113
2.15693,41.40073
2.15692,41.40204
2.15191483498,41.4015355829
2.1580801,41.4025192
2.1575,41.39996
2.15325,41.40161
2.1535201,41.3990097
2.1573,41.3996201
2.15601767059,41.4005397219
2.15698,41.40076
2.1533603,41.3990409
2.15513058356,41.4000854611
2.15387,41.4006
2.1571958065,41.4026908875
2.15813,41.40062
2.1537134,41.3989711
2.15399,41.40149
2.15419619253,41.4008948827
2.163986,41.398692
2.16133,41.39981
2.16026,41.40072
2.15946,41.40074
2.16005,41.40087
2.16202,41.40195
2.16096,41.39788
2.1601563,41.4020873
2.15857,41.40051
2.1598401,41.3997993
2.1608801,41.3978195
2.15908605605,41.4014279458
2.1647599,41.40074
2.1644299,41.3997383
2.1708,41.39878
2.16892332911,41.4018299775
2.1652863,41.3990479
2.16908,41.40227
2.16751679815,41.4005681045
2.16581,41.40153
2.1657041,41.4004929
2.17237,41.39912
2.17420387268,41.4025764465
2.1738092,41.4021567
2.17552353256,41.3984905401
2.1728799,41.4034119
2.1723499,41.40231
2.17748581737,41.4017196872
2.17279,41.39855
2.17409351666,41.4024114141
2.17803161346,41.3984389151
2.17607020535,41.4024311897
2.17277,41.40199
2.17556420714,41.3983023677
2.17517,41.39807
2.17643908461,41.3991051171
2.17256,41.39898
2.1843901,41.3980293
2.18501454897,41.4012653641
2.195557457,41.4020942176
2.19506202905,41.4023425191
2.19327248633,41.4021859286
2.1951580685,41.4018077859
2.1997764,41.4019306
2.2007127662,41.4015150522
2.2009599,41.4014397
2.20444456883,41.4004786402
2.201191,41.4010135
2.20480799675,41.3982236479
2.20493,41.39877
2.20519021153,41.4021693306
2.20490455627,41.3987512953
2.20473,41.4002
2.12291,41.39738
2.12509226114,41.3960147844
2.12651197585,41.3951648342
2.13580526188,41.3940226889
2.13853246602,41.3943924365
2.14425,41.39741
2.14653,41.39571
2.14965482838,41.3959373588
2.14518,41.393261
2.14536957175,41.3934692112
2.1453207,41.3932424
2.14813843,41.39516339
2.1462406,41.3941636
2.15144813,41.3963154
2.150233,41.395435
2.1547401,41.3929214
2.15201374143,41.3965277531
2.15529,41.39701
2.1558912,41.3942548
2.1573,41.39486
2.1554835621,41.3947687129
2.1573373,41.3952699
2.1572299,41.3961906
2.1568574,41.3973183
2.15344,41.3930095
2.15766,41.39319
2.1540899,41.3960915
2.1580499,41.39519
2.1577101,41.3934517
2.15417,41.39275
2.15598,41.39448
2.15333,41.39383
2.1552601,41.3968391
2.16038163069,41.3939614829
2.15959,41.39342
2.1597317791,41.3932092655
2.16208429589,41.3935016622
2.16045,41.3940697
2.1609876,41.3947475
2.1595276,41.3926824
2.16479,41.39267
2.16226581484,41.3934446977
2.15928554535,41.3947671749
2.16957,41.3944092
2.1694099,41.3962544
2.16851783831,41.3933029519
2.17100367,41.39336899
2.16821,41.39651
2.17011,41.39591
2.16957,41.39441
2.17135,41.3952103
2.1704531,41.3955475
2.16826,41.3948899
2.17014224079,41.3958267107
2.16805,41.39474
2.1684101,41.3969917
2.1700699,41.3944893
2.16850563884,41.3930374861
2.17051366256,41.3945621294
2.16123819351,41.3950488706
2.17425570679,41.3935967
2.17576,41.39706
2.1747748,41.3936516
2.17231,41.39618
2.17293,41.39717
2.17607,41.3941299
2.17790108174,41.3934409249
2.17573,41.39423
2.17366,41.3966293
2.17328,41.3928719
2.173,41.39523
2.1801517,41.3933065
2.18137325397,41.3974218337
2.18207473308,41.3954344828
2.1810560489,41.3938318122
2.17991,41.39274
2.18196999282,41.395740026
2.18817342,41.39734122
2.18893937767,41.3927826945
2.18658507,41.39290631
2.18827486038,41.3939140318
2.18716,41.39532
2.18567,41.39705
2.18850016594,41.3927550271
2.18849145,41.39360636
2.18780647963,41.3955556683
2.18838912,41.39368522
2.1310796,41.3886449
2.13041,41.3887
2.12696,41.39232
2.1310639,41.3886489
2.1265199,41.3890495
2.12922417558,41.3877056712
2.129159,41.389238
2.1304892979,41.3905408411
2.1340969,41.3878174
2.1356931,41.3901883
2.1382861,41.390794
2.1377799,41.38948
2.14325230569,41.3904643725
2.14472,41.39022
2.14458,41.3877
2.1468401,41.3889389
2.14907,41.3908882
2.14936,41.38929
2.14974,41.39087
2.1475998,41.3905901
2.15097,41.38805
2.14562304318,41.3878078969
2.1514599,41.3910408
2.1512699,41.38922
2.1476,41.38977
2.1500577,41.3918484
2.14950014279,41.3891893055
2.1502299,41.3902588
2.15106,41.38798
2.1552665,41.3913296
2.1570078,41.3917179
2.15446,41.39219
2.15819,41.39239
2.15278799995,41.3913740267
2.1546725,41.3912382
2.1567299,41.3902206
2.15738297789,41.3898388201
2.15575,41.3894
2.15796,41.39125
2.15410968292,41.3924012829
2.15636,41.38928
2.15789,41.39018
2.15747472609,41.3914404703
2.1548901,41.3913307
2.1522999,41.3884392
2.1542201,41.3891106
2.1560373,41.3925037
2.15475,41.3900099
2.1556201,41.3910599
2.1545,41.38874
2.15880373004,41.3885838445
2.1617,41.39253
2.16014,41.3879013
2.16049722146,41.3895371832
2.1639457,41.3905617
2.16203,41.3896299
2.16101,41.38951
2.16295598265,41.3892166393
2.15985,41.38857
2.15875,41.39238
2.15872,41.38872
2.16487,41.3905907
2.15854138,41.39072299
2.1585991,41.3876516
2.1619799,41.39156
2.1640499,41.3917251
2.1584595,41.389052
2.16045,41.39237
2.16778985051,41.3877304037
2.1651101,41.3915787
2.1715,41.3898201
2.16573298848,41.389370574
2.16574,41.3918899
2.17084908,41.38946879
2.16967244733,41.392470578
2.17068,41.3898888
2.16829475015,41.3894338409
2.1707,41.38833
2.16593742371,41.38965167
2.16870949,41.39152363
2.165546,41.391642
2.16589725143,41.3891822029
2.16178033501,41.3898539033
2.16418926085,41.3881572182
2.1738901,41.3891106
2.17724,41.39177
2.17536,41.38846
2.1721499,41.39201
2.1772399,41.3917694
2.1743,41.3879
2.17228,41.38807
2.17355,41.3896
2.17069840431,41.3893547058
2.17145,41.3853
2.17373,41.3898
2.1765399,41.388279
2.17497,41.39073
2.17621,41.38799
2.1739821,41.3909788
2.1806878,41.3878595
2.17822194099,41.3915114886
2.1812999,41.38901
2.17888986645,41.3921973522
2.1811952,41.3892108
2.17865051344,41.3921386029
2.18397796,41.38930053
2.17957,41.3921599
2.18078,41.3898
2.1808059141,41.3900209214
2.17821457672,41.390923535
2.18006763607,41.3884455515
2.18256,41.38777
2.1909570694,41.3902357302
2.19082,41.39151
2.1909101,41.3920708
2.18784,41.39254
2.18765,41.3924294
2.19736,41.39124
2.1972599,41.3893318
2.19133856,41.39144698
2.19537,41.3888
2.19732475,41.39162661
2.19476044,41.3888669
2.19831759671,41.3906145691
2.19821483491,41.387747718
2.19812393188,41.3915477085
2.1129501,41.3871803
2.122761,41.386726
2.121842,41.383132
2.12648414075,41.3865594844
2.13059060276,41.3853603519
2.1311142,41.3836615
2.1356001,41.3832092
2.13624,41.38371
2.1347734,41.3874661
2.13230654597,41.3863303253
2.1342862,41.386533
2.14095,41.3850708
2.14274,41.3827591
2.1412399,41.3851
2.14286,41.38453
2.1404945,41.3856933
2.1394059,41.386424098
2.1494489354,41.3839299218
2.14836763061,41.3829392262
2.14943438929,41.3839437921
2.15151,41.3843307
2.1487701,41.3830605
2.1486299,41.3846397
2.14798,41.3831711
2.1488169,41.3845241
2.15107,41.38676
2.1498,41.3858
2.14631,41.38615
2.14678517834,41.3843573977
2.14733,41.3853683
2.1468799,41.3852882
2.14902,41.3842
2.15375,41.38366
2.15279344132,41.3849950332
2.157109,41.383019
2.15745,41.38501
2.15390593254,41.3837177486
2.1540672,41.3837881
2.15241,41.38472
2.15815,41.3842812
2.15672,41.38683
2.15463,41.38668
2.15655,41.38523
2.15435,41.3869
2.1542399,41.386005
2.15243,41.3851
2.15677221911,41.386679461
2.1553399,41.38438
2.15502,41.38453
2.15531,41.38788
2.1533,41.3911
2.15595709547,41.3870562509
2.1649888,41.383392
2.1637035,41.3848799
2.1647295,41.3844862
2.1631497,41.3852678
2.16253,41.38438
2.1591401,41.3835297
2.16472,41.38347
2.16467,41.3852
2.15871,41.38702
2.16474,41.3832
2.16219,41.38661
2.16162636507,41.3866080394
2.160467,41.3832857
2.1631841,41.3837529
2.16261594807,41.3871032269
2.1645399,41.3852238
2.16390508955,41.3841718832
2.16497182846,41.3868148034
2.16284,41.38357
2.16238,41.38279
2.16246,41.38304
2.16248,41.38476
2.17023,41.38436
2.1707395,41.3839528
2.16614611194,41.3864229318
2.17072378312,41.3829597117
2.1684654,41.3845501
2.16763,41.38688
2.16913,41.3837
2.16516092,41.38353199
2.1699089,41.3841374
2.16833,41.38322
2.16530677433,41.383737307
2.16948,41.38467
2.16609,41.3857
2.1700237,41.384248
2.1676588,41.3861199
2.16544517487,41.3828629016
2.16831,41.3846599
2.1650299,41.38343
2.16697,41.3848915
2.1676452,41.3849275
2.1653444,41.3829102
2.16819598667,41.3848541936
2.1694487,41.384195
2.16897,41.38444
2.1706,41.38302
2.1674484,41.3871169
2.16829,41.38481
2.170569,41.385149
2.16621,41.38503
2.16787,41.3876495
2.16995,41.38308
2.16572,41.3868408
2.16609,41.3847809
2.1658385,41.3859209
2.1656481,41.3824661
2.167872,41.384775
2.16815115333,41.3870825574
2.1697,41.38542
2.1689999,41.3839417
2.16892171651,41.3866837482
2.17127166821,41.3847000006
2.17093931,41.38444
2.17144833008,41.3853854286
2.1672499,41.3867416
2.1693155,41.384784
2.1756464,41.3864168
2.17714,41.383
2.17515097571,41.3870212889
2.1749735,41.3866782
2.17525,41.38262
2.17521736265,41.3851201049
2.17278,41.3829
2.17271,41.3863399
2.1767908,41.3841759
2.17474,41.38596
2.17799,41.3840999
2.17778,41.38357
2.1780977,41.3832662
2.1773207,41.3831819
2.17773,41.3832
2.17451345176,41.38312478
2.172182,41.383972
2.17758,41.3834
2.1778575552,41.3869474107
2.17389,41.3874799
2.1779204,41.3832694
2.17741149502,41.3829916531
2.1733618,41.3841557
2.17282,41.3828699
2.1734035,41.3850639
2.1744244,41.384049
2.1724066,41.3833429
2.1774438,41.3832457
2.17402,41.38345
2.17748,41.38478
2.17720840126,41.3828352342
2.17548750544,41.3865538011
2.177239,41.3860616
2.17393,41.38313
2.1777999,41.3837013
2.17788,41.38331
2.17468237,41.38598063
2.1719751,41.384771
2.17859477,41.38384849
2.1772272,41.3854333
2.17776970248,41.3831268428
2.1747799,41.3871307
2.17428,41.38399
2.17314,41.38567
2.17743806541,41.3832259069
2.17233013362,41.3837846175
2.17494965,41.38617732
2.1729148,41.3832109
2.17307109386,41.3835443801
2.17658,41.3866196
2.1729,41.3835411
2.16951,41.38541
2.1684131,41.3855083
2.18099,41.38354
2.18119,41.3829117
2.17934811595,41.385108784
2.18430074974,41.383402501
2.18044281006,41.3846112288
2.1821,41.38609
2.17862,41.38545
2.18236481205,41.3857563609
2.1828599,41.38461
2.1799101,41.3838221
2.18303,41.38635
2.18023,41.38657
2.18163391,41.38381587
2.18314915895,41.3840115216
2.18049561247,41.3873363745
2.1683199,41.3955917
2.18019,41.38364
2.18294,41.3847499
2.18079,41.38566
2.18093585387,41.3867916404
2.18078,41.38362
2.1781499,41.3851204
2.18188,41.3851509
2.17992,41.3848381
2.1845673,41.3844112
2.18142,41.38585
2.1824999,41.3837585
2.1808901,41.3867989
2.18190207042,41.3850978027
2.18222782,41.38432458
2.1812,41.38352
2.17997,41.3856697
2.180268,41.387274
2.17967529978,41.3860297523
2.18064129,41.3830626
2.1802541,41.3850023
2.18266,41.38535
2.1827817,41.38484225
2.18409705162,41.3840255737
2.1801928,41.3827009
2.17961,41.3854599
2.1811,41.38358
2.1824999,41.3837814
2.18040794,41.38493143
2.1796501,41.3840294
2.1822228,41.3829106
2.1835101,41.3845406
2.18244,41.3832703
2.18512729,41.38581321
2.18513053408,41.3831146013
2.19718,41.3866196
2.1283,41.3787
2.12702941895,41.3816184998
2.13343,41.3809586
2.13381,41.3793983
2.13810423783,41.3816470356
2.13601067662,41.3794828493
2.13802199811,41.3794883839
2.1322701,41.3806381
2.14452648163,41.3789405823
2.13810944557,41.3758659363
2.14461285761,41.3788270854
2.14071191847,41.3795636044
2.14509398,41.38117701
2.14379401975,41.3786226315
2.14797,41.37956
2.1488,41.37941
2.15113,41.3782997
2.15136,41.38212
2.15144705582,41.3791480099
2.14767,41.38197
2.14598503658,41.3795371454
2.1485599,41.38104
2.1501392,41.379234
2.15774,41.38092
2.15437710285,41.3807241021
2.15829916298,41.3788149176
2.1573696,41.3780882
2.15264,41.37991
2.15698,41.3812485
2.15437,41.37928
2.15214,41.38003
2.15196264205,41.3802733042
2.15624221,41.38227013
2.15241,41.3847198
2.1638,41.37905
2.16444512573,41.3816400127
2.16431,41.38042
2.1614702,41.3815173
2.1621276,41.3814141
2.16493,41.37921
2.16343897027,41.3818738591
2.16164991,41.38086319
2.16323283771,41.3785550416
2.16173849006,41.3813994443
2.16065,41.3785706
2.1616199,41.3779907
2.16361999512,41.3786118952
2.16063,41.37916
2.1623,41.3808999
2.15872200793,41.3783432273
2.16329816803,41.3812483451
2.16372,41.38225
2.16014,41.37984
2.16074428103,41.3803120236
2.16152080997,41.3796661502
2.16025,41.37928
2.16901,41.38007
2.16985,41.38192
2.16542,41.3819
2.17074,41.37965
2.16587599572,41.3792601698
2.168686,41.3819241
2.1677,41.37856
2.17046,41.37813
2.17064,41.37855
2.16916,41.37923
2.17101,41.3816599
2.16628,41.38204
2.1659155,41.3787067
2.1703664,41.3803881
2.16538,41.38162
2.1695,41.37816
2.1716083,41.3822592
2.1659,41.38249
2.16596,41.38223
2.16971353,41.37813538
2.1694399,41.38013
2.16613,41.38218
2.16985056162,41.381264177
2.1675,41.38088
2.17116,41.38071
2.16872,41.38011
2.1706177,41.37968838
2.166858,41.3813153
2.16734,41.37956
2.16818812083,41.3802162365
2.17031,41.3782501
2.1669199,41.3815193
2.17472,41.3808099
2.1764412676,41.380088186
2.17728853226,41.3805681292
2.1757278,41.3819518
2.17655,41.37836
2.1767176,41.3799732
2.17223,41.3792
2.1777,41.38044
2.17441671634,41.3811690281
2.175943,41.3818542
2.1720173,41.382308
2.1734528,41.3824363
2.17773,41.38136
2.1756401,41.3807907
2.17645,41.37973
2.1757,41.38076
2.1775,41.38138
2.17516,41.38216
2.17378,41.37693
2.17531,41.38203
2.17216,41.37913
2.17388,41.38143
2.17193760012,41.3824308656
2.17317,41.37811
2.1741027392,41.3825234668
2.1767933,41.3822835
2.17426,41.38045
2.17659,41.37979
2.17756,41.38004
2.17488,41.37974
2.1766196,41.3798887
2.17355,41.3811037
2.1728401,41.3810997
2.1775165,41.3804353
2.17212259769,41.382300917
2.17528404,41.3810202
2.1778062,41.38050377
2.17719297253,41.3818807038
2.17648768425,41.3797454834
2.17389,41.3788
2.17347,41.37839
2.17459665767,41.3799801006
2.17650804711,41.3797739532
2.1734164,41.3815741
2.17865,41.37939
2.1806199,41.38047
2.18105971813,41.3809897584
2.181175,41.3812449
2.18023,41.38136
2.18051,41.38123
2.17919612657,41.3792032266
2.17964969128,41.3801079978
2.18035296,41.38154715
2.18061,41.38052
2.1803499,41.38092
2.1791998,41.3806664
2.17817903,41.38082027
2.17882,41.38037
2.1809599,41.3812799
2.17988,41.38187
2.18043,41.38022
2.18227,41.38255
2.17975,41.38008
2.17824,41.38185
2.17979,41.3814888
2.1804099,41.3809319
2.1796978265,41.3801097679
2.19020437449,41.3777230673
2.18743061443,41.3801106393
2.19046,41.37936
2.18883660316,41.380237369
2.19003583142,41.379360335
2.1895699,41.38047
2.19096,41.37789
2.1879101,41.3805199
2.18898,41.37988
2.16669821739,41.3495483398
2.18779,41.37957
2.19008417687,41.3801921094
2.1887901,41.381649
2.18974,41.3783
2.19082,41.3803215
2.19001427293,41.3801797047
2.1808901,41.3808212
2.1813172,41.3812019
2.18853048369,41.3789708752
2.18889240361,41.3806229502
2.1896701,41.3788986
2.19441175461,41.3816065999
2.12372,41.37609
2.1255,41.3775215
2.13755395263,41.376199981
2.1357999,41.3765411
2.13812796254,41.3763794046
2.13557,41.3759299
2.13862449,41.37593418
2.1389923,41.376182
2.14526,41.37477
2.14443,41.37513
2.1442759037,41.3737009252
2.14053,41.3752
2.1398596424,41.3732526151
2.14652,41.3752799
2.14627,41.3738
2.14982461929,41.3757591248
2.14999418459,41.3765969264
2.14719,41.37663
2.15143357306,41.3770909733
2.14573603123,41.3751870862
2.1477599,41.375061
2.14611765093,41.3754224411
2.14899537303,41.3764373988
2.15498059988,41.3736485932
2.15494,41.37648
2.1552528441,41.375166959
2.1531786,41.3752005
2.15492,41.37761
2.15224675834,41.3756072407
2.15711,41.37757
2.163848,41.3741299
2.16476388892,41.3735337484
2.16203856,41.37606016
2.16482,41.37662
2.16372,41.37389
2.16171,41.3759384
2.1614699,41.3766518
2.16433,41.3738183
2.16423355043,41.3751797901
2.16366380898,41.3738738591
2.1633831,41.3732112
2.1633,41.3740807
2.15949,41.37619
2.16355,41.37516
2.16407462955,41.3749352438
2.16349,41.37727
2.164067,41.3774377
2.16407295316,41.3746549705
2.16420553065,41.3738610872
2.16106537152,41.3750700782
2.16016,41.37594
2.16221479524,41.3759929923
2.1645919,41.3738952
2.16377587242,41.3739088983
2.16132,41.37565
2.16284819,41.37616731
2.16102303982,41.3751349034
2.15891669633,41.375067211
2.15916,41.37761
2.16143,41.3774299
2.15892,41.37663
2.1588721,41.3735466
2.16468,41.37567
2.160334,41.373347
2.1628,41.37428
2.15992720588,41.3776383042
2.1632299,41.3742104
2.1589999,41.37656
2.16316708,41.3769054
2.1602199,41.37966
2.16174,41.38328
2.15951,41.37573
2.1657311,41.3744614
2.1659601,41.3731689
2.1671708,41.3775348
2.16609,41.3758011
2.16659,41.3731384
2.16903805733,41.3747800118
2.16510967,41.37341508
2.16542270443,41.3733389047
2.1690199,41.3747787
2.1690099,41.3738899
2.16523346947,41.3748107886
2.17079,41.37567
2.16551,41.37663
2.16713101,41.3731792
2.1657532,41.3729757
2.16508615762,41.3771419137
2.1668601,41.3756485
2.16535,41.3733999
2.16751363282,41.3744884275
2.16594915837,41.3749241738
2.16647403241,41.3766299687
2.169131,41.3742425
2.1695474,41.3740728
2.1691781,41.3751544
2.165952,41.3812207
2.17419,41.37767
2.1731601,41.3749504
2.1734,41.37748
2.17267412692,41.3776342593
2.17523261905,41.3776380331
2.17322889263,41.3748873967
2.17681,41.37939
2.1736799553,41.3809842239
2.17487026451,41.3743956742
2.174883,41.380073
2.17838,41.37743
2.19024395588,41.377302625
2.189177,41.3760967
2.1892,41.37727
2.19015,41.37642
2.1901523,41.3764096
2.1886301,41.377449
2.1901898935,41.3766809266
2.13712479919,41.3693006125
2.14265316725,41.3702919606
2.1423956,41.3701232
2.14332,41.3716099
2.1558057,41.3721114
2.15544,41.37263
2.1625194,41.3727418
2.16135585952,41.3724633025
2.16261,41.37278
2.1639299,41.3725204
2.16473,41.37273
2.16331,41.37836
2.16064,41.3772812
2.16721177302,41.3727172464
2.16954,41.37672
2.16839413834,41.3735292149
2.1672101,41.3811607
2.16721,41.37538
2.17024,41.37741
2.1666168,41.3730548
2.16905862,41.37411699
2.16695,41.3811
2.1662104,41.3810434
2.16845,41.38018
2.1665199,41.3819
2.16764,41.38087
2.17352,41.3784
2.17218,41.37299
2.174109,41.381478
2.1775539,41.3804207
2.17481,41.38161
2.17301445432,41.3813516675
2.17424,41.38152
2.17209150416,41.3731513914
2.1753299,41.3818092
2.17623,41.38202
2.1804625,41.3811796
2.1802299,41.3813591
2.17999792982,41.3805684437
2.1795889,41.3812485
2.17955,41.38118
2.17976,41.38172
2.12759479578,41.357592773
2.190148,41.39081
2.1472498,41.4035307
2.189952,41.389445
2.15498461111,41.3850432861
2.154207,41.398647
2.157861,41.40795
-3.71365,40.41258
-3.67472,40.50781
-3.67123603821,40.5083503298
-3.70619,40.50367
-3.70904445648,40.504581572
-3.66642,40.49669
-3.65448981508,40.4925739993
-3.70163,40.48709
-3.66539,40.48604
-3.66539,40.4860382
-3.72116,40.48113
-3.70826,40.47902
-3.7105899,40.4778214
-3.70745762541,40.4795663209
-3.7068247,40.4800049
-3.71,40.4779399
-3.70603,40.47877
-3.70318,40.47866
-3.74272,40.47488
-3.7152901,40.4774704
-3.7056,40.47657
-3.671007,40.47629
-3.6303401,40.4728088
-3.80165,40.46713
-3.7131,40.47208
-3.68967910346,40.4672280713
-3.64100718027,40.4694418519
-3.64636,40.4687399
-3.58086395289,40.4698618323
-3.8024,40.46682
-3.69702,40.46716
-3.69545,40.46451
-3.69089,40.46575
-3.68833693206,40.466106896
-3.68876695633,40.4643356617
-3.64811,40.46406
-3.63767,40.46248
-3.5916901,40.4625587
-3.70742,40.45968
-3.70528079997,40.4570198048
-3.69753,40.461
-3.69875,40.4597399
-3.70351,40.45706
-3.70073,40.45864
-3.705498,40.457121
-3.70012,40.45916
-3.6937799,40.4617004
-3.68815541267,40.4617399026
-3.68766,40.46308
-3.68802,40.46108
-3.6856825,40.4594488
-3.68425826801,40.4585289109
-3.678762,40.458453
-3.69287,40.4096199
-3.6733,40.45826
-3.65816,40.45831
-3.65021,40.45731
-3.61869949158,40.4568421013
-3.70508,40.45678
-3.70281,40.4533
-3.70324,40.45305
-3.69874,40.45524
-3.70282,40.45525
-3.70256,40.45479
-3.7,40.45332
-3.69314,40.45563
-3.70968,40.42286
-3.6796501,40.4551811
-3.678315,40.456202
-3.6768,40.45626
-3.6576,40.45381
-3.64554,40.45615
-3.78462,40.4478
-3.71048,40.45252
-3.7035201,40.4512596
-3.71142,40.44896
-3.7097586,40.4471298
-3.70464,40.45061
-3.71028,40.44708
-3.70346,40.45243
-3.70399,40.44808
-3.70369,40.44747
-3.70066779907,40.450359956
-3.70685,40.4211
-3.70417,40.44741
-3.70331,40.45003
-3.6984,40.45181
-3.70407,40.44749
-3.69813,40.45035
-3.70108,40.45259
-3.70358,40.448782
-3.69152,40.44999
-3.6867,40.43766
-3.68813,40.45
-3.687690825,40.4513513175
-3.6779,40.45114
-3.67746,40.4475288
-3.6736692,40.451797
-3.6729987598,40.4488412072
-3.6728264695,40.4486372656
-3.66778,40.44787
-3.66502,40.45306
-3.587448,40.446863
-3.70726158993,40.4471717105
-3.706587,40.44686
-3.71074,40.44735
-3.70306,40.44447
-3.69714,40.44786
-3.68833,40.4512
-3.675789,40.442825
-3.70696643754,40.416839641
-3.67146,40.44546
-3.67928,40.44407
-3.66811,40.446068
-3.67409,40.44436
-3.66614,40.44656
-3.71239,40.44155
-3.7139,40.44276
-3.71296,40.43939
-3.7079999,40.4403915
-3.70076,40.43917
-3.70404,40.43736
-3.69817,40.439507
-3.69927850368,40.4383957877
-3.69755,40.43994
-3.7005,40.4395
-3.69636,40.44188
-3.69842,40.4385199
-3.6993,40.43751
-3.69617,40.44089
-3.698222,40.44666
-3.69574,40.4468
-3.69916,40.43917
-3.67824,40.43857
-3.67254,40.441
-3.67574,40.44279
-3.67189,40.4422
-3.6704,40.44249
-3.65276,40.44176
-3.6397,40.43703
-3.62977,40.43996
-3.71812,40.43459
-3.71634,40.4364599
-3.7185716629,40.4346498676
-3.71646080452,40.4365627215
-3.71294,40.43604
-3.71322,40.43604
-3.71273,40.43521
-3.71445,40.43519
-3.71526,40.43695
-3.71633,40.43663
-3.71744,40.432383
-3.71293,40.43625
-3.71502710355,40.4336723718
-3.715298,40.433101
-3.71731,40.4334599
-3.71076,40.43745
-3.70831,40.43678
-3.71009,40.43488
-3.70998,40.43641
-3.70445,40.43678
-3.70407,40.43642
-3.71071,40.4341583
-3.71041,40.43405
-3.70256,40.43578
-3.69909,40.43622
-3.69985,40.43705
-3.70269,40.43431
-3.7037861,40.4335897
-3.70037,40.43277
-3.70007,40.43755
-3.70408,40.4362799
-3.70483,40.4338
-3.70084,40.43325
-3.69912,40.43533
-3.70147,40.43238
-3.69601,40.43506
-3.68629,40.43531
-3.68713,40.43767
-3.68188,40.43721
-3.68443,40.43601
-3.67478,40.43326
-3.67171,40.43605
-3.671045,40.437301
-3.67134,40.4335
-3.67112,40.43712
-3.65889,40.43478
-3.663881,40.437432
-3.64848,40.43322
-3.64659,40.43397
-3.65066,40.43742
-3.65251,40.43324
-3.64974,40.440227
-3.64648,40.43517
-3.65064,40.43289
-3.653116,40.436051
-3.6432,40.4356099
-3.64545,40.43304
-3.64267844017,40.4406927241
-3.64569,40.43412
-3.64346,40.43548
-3.64383,40.43617
-3.64591,40.4343
-3.64274,40.43557
-3.643345,40.43385
-3.63770576851,40.4378682886
-3.63887,40.43397
-3.63567,40.43835
-3.63172912337,40.4361134937
-3.63316,40.43359
-3.61031,40.43538
-3.72033,40.43036
-3.71980438125,40.4287715737
-3.71731,40.43045
-3.71733,40.43298
-3.71676,40.43172
-3.7054,40.43012
-3.70766,40.42205
-3.71054,40.43183
-3.70341,40.43189
-3.70365,40.4315
-3.7068601,40.4294891
-3.7053,40.43176
-3.70768,40.42929
-3.70535,40.42992
-3.71044,40.42692
-3.71168,40.43089
-3.71042277496,40.4274112679
-3.71351,40.4321399
-3.71125,40.43179
-3.71296,40.42572
-3.71013,40.42778
-3.70896,40.43218
-3.70431,40.43444
-3.7011827832,40.4313017674
-3.7011051178,40.4298152957
-3.70261,40.4262299
-3.70341,40.42874
-3.70439,40.42879
-3.70247,40.42971
-3.69835,40.42946
-3.69865,40.43077
-3.69692,40.42774
-3.69352,40.42925
-3.687276,40.429127
-3.68563,40.42787
-3.67462,40.43253
-3.67286,40.42991
-3.67834099602,40.4313713168
-3.67491,40.43194
-3.6746,40.43224
-3.67549,40.42743
-3.67094,40.42855
-3.671204,40.433229
-3.66563,40.42941
-3.66518,40.42998
-3.65958,40.43137
-3.66425,40.4293
-3.66382,40.43029
-3.65067,40.43163
-3.6569237709,40.4320039625
-3.63249,40.43067
-3.72269,40.4225
-3.7232,40.4232
-3.71936,40.4267899
-3.71885,40.42734
-3.71646,40.4266
-3.7137591881,40.4252524854
-3.71216,40.42569
-3.71177,40.42484
-3.71347,40.42569
-3.70159,40.4204099
-3.71241,40.42559
-3.71244,40.4261017
-3.71034,40.42746
-3.70767,40.42609
-3.70356968131,40.426942432
-3.7097445388,40.4250962405
-3.71005,40.42689
-3.70521,40.4264
-3.7054901,40.4238586
-3.70730100154,40.4252367777
-3.7099852,40.4226134
-3.71151,40.426
-3.70736,40.4232
-3.70353718579,40.427230938
-3.70365,40.4265199
-3.70223,40.42381
-3.7033,40.42514
-3.70168,40.42684
-3.70377,40.42268
-3.6981399,40.4261398
-3.70164,40.42643
-3.70398133103,40.4268026763
-3.70350837708,40.4285575968
-3.69609,40.4268
-3.69574,40.42566
-3.69621,40.42663
-3.69621907493,40.4256790529
-3.69614,40.42815
-3.69669,40.42611
-3.69936,40.4275
-3.6888499,40.4257088
-3.69081,40.42812
-3.69216,40.42259
-3.68885,40.42571
-3.68378,40.42501
-3.68142843246,40.423101851
-3.68588457883,40.4224217105
-3.70467,40.4123
-3.6769,40.42606
-3.67836,40.42718
-3.67678,40.42448
-3.6785638131,40.4262638435
-3.67237,40.42476
-3.67388,40.42392
-3.67245,40.42769
-3.67304,40.42616
-3.67335,40.42728
-3.67011,40.42686
-3.66179,40.42555
-3.66812,40.42771
-3.66397798061,40.4295825415
-3.66772,40.4296
-3.64175,40.42642
-3.7222908705,40.4214614352
-3.70399,40.42243
-3.70392,40.42278
-3.70336820586,40.4204100701
-3.7044,40.42311
-3.70405,40.42152
-3.70009,40.42241
-3.7010191612,40.4203653542
-3.70263,40.42208
-3.70465,40.42168
-3.69945,40.42241
-3.70313,40.42304
-3.6987,40.42037
-3.6984899,40.4217186
-3.70261,40.4224
-3.68841,40.42065
-3.68975,40.42178
-3.67316,40.42123
-3.67889,40.42075
-3.6788399,40.4238701
-3.676,40.41884
-3.67087,40.42393
-3.61277,40.42199
-3.60999,40.4218199
-3.73032772264,40.4153772483
-3.72505,40.41361
-3.70767825836,40.4154495194
-3.7071,40.41632
-3.70698,40.4191
-3.70683,40.41485
-3.70973,40.41607
-3.70699,40.41749
-3.70379,40.41765
-3.70283,40.4177899
-3.7046,40.41715
-3.70448,40.41839
-3.70188,40.41904
-3.70381,40.4172
-3.70704631628,40.4197425859
-3.70519,40.41657
-3.7015,40.41661
-3.70306,40.4139
-3.67821,40.4173199
-3.67036,40.41783
-3.67600220497,40.4157057993
-3.72704,40.41225
-3.71339,40.4129999
-3.71176,40.41021
-3.71095,40.4118799
-3.7101091748,40.4123852167
-3.70392,40.41301
-3.70371,40.41255
-3.69710959913,40.412850819
-3.69505,40.41286
-3.69818,40.41322
-3.6967,40.41144
-3.69655,40.41313
-3.69569,40.4135
-3.69439,40.411
-3.69603,40.41269
-3.69954,40.41369
-3.69746,40.41301
-3.694345,40.409197
-3.67025,40.40947
-3.65784,40.41091
-3.65222,40.4100899
-3.65244,40.40886
-3.64702,40.40753
-3.74188,40.40703
-3.7103712,40.4095248
-3.7115,40.4060599
-3.71243,40.40963
-3.71186,40.40922
-3.71035,40.40932
-3.71122,40.40788
-3.71348,40.41166
-3.70639,40.41
-3.70749,40.4105186
-3.70480912979,40.4084395144
-3.70319,40.40742
-3.70412,40.40745
-3.70417,40.40941
-3.70196339983,40.4080524677
-3.70419,40.40794
-3.70278,40.40834
-3.70125,40.40909
-3.70798,40.41042
-3.70706,40.40985
-3.69696,40.40794
-3.69739,40.408
-3.69929,40.40708
-3.6930101,40.4093018
-3.68314,40.4066199
-3.67095,40.40705
-3.67158,40.40665
-3.60836,40.40639
-3.60592,40.40597
-3.70715,40.40532
-3.7109,40.4063299
-3.70698,40.40657
-3.70284,40.40309
-3.69851,40.3993899
-3.70177,40.40592
-3.70116,40.39861
-3.70222,40.4043
-3.70146,40.40621
-3.7065502,40.4036855
-3.70151,40.40547
-3.69564,40.40443
-3.6978,40.40232
-3.6786,40.40205
-3.66878,40.39822
-3.67119,40.39949
-3.670577,40.404767
-3.66823,40.40697
-3.76564,40.39429
-3.75882,40.39777
-3.70727,40.39787
-3.69464635849,40.3962903968
-3.69441,40.39486
-3.66959,40.39668
-3.665136,40.396005
-3.66366,40.39553
-3.76602,40.38792
-3.76631,40.3887799
-3.76546,40.39718
-3.76494,40.39606
-3.76643,40.38913
-3.76714,40.39175
-3.76461,40.39467
-3.7553,40.39211
-3.75215,40.3894499
-3.7305801,40.3884697
-3.69995,40.38887
-3.69517778,40.39109444
-3.6999,40.3899199
-3.69328,40.39224
-3.69504,40.39178
-3.6958,40.3910399
-3.68037,40.39602
-3.66053,40.39015
-3.76589,40.38756
-3.76477,40.38359
-3.75658,40.38753
-3.74742,40.38349
-3.71209,40.38785
-3.70042,40.38713
-3.70254,40.38296
-3.664712,40.383286
-3.74898,40.37995
-3.77534,40.37605
-3.60733,40.37159
-3.7386,40.36457
-3.5505178,40.364683
-3.70316,40.41512
-3.65519375,40.46860546
-3.690507,40.5098129
-3.67836690825,40.5111975994
-3.67796767859,40.511417412
-3.69281709194,40.5091711486
-3.70242,40.50378
-3.6987,40.50517
-3.6877899,40.4952087
-3.66642,40.4966888
-3.61265674682,40.4980806216
-3.6894621,40.4914455
-3.65509575331,40.4935631362
-3.65609215541,40.4937547133
-3.651836,40.490483
-3.59218295664,40.4917551452
-3.5915626958,40.4902714159
-3.59145537996,40.4921164525
-3.71627894955,40.4881305555
-3.696688,40.4860786
-3.66109,40.48814
-3.66270172636,40.4863666433
-3.65102091,40.48809544
-3.59727311879,40.4883572317
-3.568102,40.48474
-3.72797495,40.48310691
-3.71849,40.48178
-3.72269292703,40.480453
-3.71657241136,40.4807058144
-3.71673,40.48092
-3.70473097949,40.4825709932
-3.70109,40.48409
-3.70241,40.48198
-3.68703141757,40.4800198066
-3.66827785605,40.4832267256
-3.6615034,40.4817159
-3.7136956,40.4772925
-3.71631491929,40.4766886305
-3.70807483792,40.4796260541
-3.7050936,40.4792018
-3.70869,40.4786
-3.70333,40.4793
-3.68625,40.4756699
-3.6880829,40.4753326
-3.66763,40.4767494
-3.6679499,40.4791107
-3.6670499,40.4783897
-3.66926,40.47754
-3.66523,40.47515
-3.6328541,40.479347
-3.57686658881,40.4793735014
-3.70710991323,40.4741277799
-3.6878188,40.4734599
-3.68212,40.467572
-3.68258312345,40.4711444609
-3.67615789175,40.4743930254
-3.67569,40.47384
-3.67584109306,40.4738388062
-3.65571,40.47166
-3.6544655,40.472241
-3.6547,40.47197
-3.65141,40.472
-3.65152,40.4702
-3.64942029119,40.4704759568
-3.65112,40.47241
-3.64289,40.4744
-3.642767407,40.4703874516
-3.6439239,40.4732178
-3.58163,40.47265
-3.58184965358,40.4733697149
-3.5852432,40.473088
-3.58216,40.47289
-3.578968,40.4720918
-3.7909501,40.4666595
-3.71773112565,40.4654819879
-3.69196411454,40.4655387229
-3.69518,40.46508
-3.68695,40.4692192
-3.689486,40.4674674
-3.69064589527,40.4659819267
-3.6899043,40.4660859
-3.69063168147,40.4659381517
-3.67133,40.4667
-3.66257483766,40.4683857583
-3.65317,40.46761
-3.64719,40.46854
-3.64739,40.46798
-3.6417,40.4691811
-3.6417533,40.4691924
-3.63973285245,40.4682172535
-3.56937333538,40.468163341
-3.56867545498,40.468786228
-3.5711466,40.4678932
-3.72135,40.4647099
-3.70783019066,40.4602546692
-3.69830203056,40.4615058899
-3.69741,40.46057
-3.6958201,40.4605103
-3.6923486,40.4638946
-3.69518580329,40.464556747
-3.69648340152,40.4636235972
-3.69390707463,40.4611042121
-3.69741868912,40.4626328986
-3.69753,40.4609985
-3.6943541,40.4605938
-3.68662510593,40.4618841037
-3.688179,40.463229
-3.6868801,40.463501
-3.68757605553,40.4622704905
-3.67611052762,40.4602395237
-3.67647044655,40.4608348975
-3.65817,40.46363
-3.6551265,40.4632418
-3.65132,40.46322
-3.6471162,40.4604421
-3.6357901,40.4628792
-3.63597528651,40.4628676884
-3.6359431,40.4628432
-3.62884,40.46317
-3.61637,40.4614182
-3.57114337385,40.4621557002
-3.7056201,40.4556694
-3.71054234697,40.4576971742
-3.70666,40.458519
-3.70079,40.45805
-3.70056767017,40.4574557625
-3.7044401,40.4560394
-3.70051,40.45885
-3.69292,40.4564514
-3.6967074,40.4593435
-3.6944713,40.4599548
-3.69669221342,40.459960107
-3.69442161046,40.4595371552
-3.69076,40.4568
-3.69101420295,40.4583095015
-3.6912827,40.4574962
-3.68744,40.46055
-3.68944790214,40.4597738851
-3.6820883,40.4582991
-3.67923,40.45515
-3.6768722,40.4557283
-3.67666504066,40.4573765357
-3.65962,40.45943
-3.65959,40.45923
-3.61965419925,40.4553490361
-3.61935991973,40.4556728896
-3.5864675045,40.4578624028
-3.7123301,40.4541206
-3.70543185622,40.4523758684
-3.70122,40.4548187
-3.7013099,40.4512901
-3.7046856,40.450736
-3.7003697,40.4547312
-3.6997,40.45317
-3.69883725954,40.450240203
-3.7000101,40.4532013
-3.7021780014,40.4514921031
-3.69882,40.45029
-3.70352,40.45126
-3.70364,40.45348
-3.69837037367,40.4507796073
-3.69954,40.45239
-3.7030701,40.4513852
-3.6926936,40.4517406
-3.69687418554,40.4501628639
-3.69187292884,40.4515669321
-3.6992,40.4502
-3.6951399,40.4486313
-3.6867505,40.4524422
-3.6915018,40.4517338
-3.68692917846,40.4510992337
-3.67709901184,40.4502189912
-3.67748,40.45017
-3.6560874,40.4520123
-3.60048238188,40.4539387574
-3.5851695,40.4535748
-3.72487552464,40.4454235567
-3.71719,40.4476
-3.71147185564,40.4468299468
-3.7141,40.4443
-3.71222036929,40.4493917025
-3.71234,40.44682
-3.70529,40.44877
-3.710824,40.446551
-3.71083,40.4494019
-3.7068346,40.4474996
-3.7105232,40.4498052
-3.7106,40.44942
-3.7059418,40.4479075
-3.69922,40.44953
-3.69879743472,40.4455459841
-3.69848392904,40.4495551265
-3.69984573103,40.4488785014
-3.70012954148,40.4497195758
-3.70333,40.4483
-3.70365925744,40.4482522948
-3.69898946609,40.4496328716
-3.70296,40.44996
-3.69236997621,40.4470422364
-3.69503,40.44974
-3.6978,40.44796
-3.69545,40.4462199
-3.69555,40.44892
-3.69735,40.4487114
-3.69753,40.44585
-3.69358479985,40.4467572216
-3.69729,40.44562
-3.69555,40.4489212
-3.69566,40.4475399
-3.6752,40.4485699
-3.67559574216,40.445404372
-3.67496799678,40.4486884186
-3.67541123182,40.4479301356
-3.67407884449,40.4487330682
-3.67536,40.44708
-3.6744677,40.4470779
-3.6723399,40.4454384
-3.66765,40.44657
-3.66743333638,40.4487088298
-3.67109,40.4462
-3.66656,40.44784
-3.6696401,40.4452705
-3.66771,40.44681
-3.65400016308,40.4486562708
-3.65784514603,40.4498434451
-3.61224722117,40.446478352
-3.60922805965,40.448452668
-3.58708720358,40.4468197328
-3.58710368741,40.4466023837
-3.558008,40.4489664342
-3.7258655216,40.4426762536
-3.72613802765,40.4438465048
-3.71235698,40.44521213
-3.70599612594,40.4431176972
-3.70319,40.4444
-3.69901400059,40.4417260291
-3.70316,40.44424
-3.69891,40.4448395
-3.70358113199,40.4421268958
-3.69381779773,40.4410191244
-3.69588,40.44438
-3.69778806994,40.4450272557
-3.69725931724,40.4444066612
-3.6959,40.44409
-3.6975,40.4404716
-3.6840578,40.4437935
-3.67287,40.44104
-3.6770401,40.4451485
-3.67622,40.44414
-3.67439266294,40.4423654753
-3.67320008576,40.4405211184
-3.6749237,40.4415268
-3.67391,40.44338
-3.6691101,40.4427605
-3.65478873253,40.4443424637
-3.65650272979,40.4437406962
-3.65658,40.4413185
-3.6538799,40.4442215
-3.64082,40.4421387
-3.62880697354,40.4407142824
-3.6287766695,40.4406920833
-3.62573873252,40.44120421
-3.58882,40.4453699
-3.78619385648,40.4402617508
-3.71889,40.43826
-3.71689,40.43538
-3.71753,40.435379
-3.71493792497,40.435403575
-3.71407,40.43785
-3.71289989325,40.4370771
-3.71561,40.43662
-3.70447,40.4362
-3.71106617153,40.4362218452
-3.71022,40.43681
-3.70684281836,40.4354865136
-3.70761,40.43513
-3.7100188,40.4366745
-3.70805,40.43981
-3.6990199,40.4394989
-3.70100101041,40.4384331527
-3.7039299,40.4370499
-3.70448,40.43588
-3.70205155,40.43697468
-3.7003601,40.4391899
-3.7030699,40.436039
-3.69917,40.43904
-3.6994760111,40.436729923
-3.69926,40.43566
-3.70101351586,40.4369124276
-3.69885780485,40.4366853022
-3.69883,40.43562
-3.69237463948,40.436663805
-3.69789871493,40.4366776222
-3.6869,40.43766
-3.6897299,40.4381409
-3.69025,40.43845
-3.68748307228,40.4377555847
-3.687,40.4371681
-3.69105,40.4361
-3.6826877,40.4398198
-3.68533635139,40.4359588623
-3.67918677628,40.4383735576
-3.68331,40.43728
-3.67939800024,40.4386940629
-3.68054,40.43566
-3.6849999,40.4363213
-3.6729384,40.4384714
-3.6738814,40.43983801
-3.6775,40.43786
-3.67532607168,40.4353169418
-3.67670707405,40.4364418171
-3.67644496261,40.4355275409
-3.67347434163,40.4401919458
-3.672972,40.4400983
-3.67677211761,40.4379979316
-3.67441244423,40.4387570921
-3.67200952023,40.4361496269
-3.67157506943,40.4374809265
-3.67162,40.43598
-3.65102762361,40.437866844
-3.64367399365,40.4368192381
-3.6430026,40.4396123
-3.6411303,40.436333
-3.63798,40.43842
-3.63954104483,40.4378180284
-3.6557649,40.3833259
-3.6352,40.43848
-3.6357501,40.4386406
-3.62517,40.4379599
-3.6190623,40.4398112
-3.61968692256,40.4396355726
-3.718536,40.433308
-3.7180605,40.4349796
-3.71936,40.43094
-3.71617,40.4331699
-3.71444,40.43199
-3.71653,40.43523
-3.7152975,40.4331317
-3.71571,40.43332
-3.71544,40.4342194
-3.7145901,40.4331894
-3.7116799,40.4308891
-3.7154933,40.4341377
-3.7119596824,40.4328594016
-3.70787,40.43506
-3.71453,40.4341087
-3.71642,40.43116
-3.7076612,40.4338745
-3.70576,40.4351082
-3.70861279602,40.4341693561
-3.71053,40.43415
-3.70717101357,40.4331736697
-3.70865,40.43265
-3.7084324836,40.4341507521
-3.70685,40.43204
-3.70817405215,40.4336940645
-3.70800376,40.43155231
-3.71038925,40.43238245
-3.7048616,40.4322691
-3.7054114,40.43329574
-3.7031203,40.4323294
-3.70047,40.4328999
-3.69928,40.43465
-3.7045801,40.43396
-3.70209,40.43039
-3.70373,40.43124
-3.70151453,40.43256343
-3.70101,40.43452
-3.70079,40.43174
-3.7012847,40.4332774
-3.70107,40.43225
-3.69969,40.43359
-3.70258553125,40.4311199744
-3.70194475526,40.4350560656
-3.7024,40.4317589
-3.7042699,40.4329109
-3.7031353,40.4304296
-3.70181087404,40.4303948808
-3.70403560302,40.4326887523
-3.7019991,40.4345287
-3.70013,40.4341011
-3.69714570045,40.4330024719
-3.69722,40.43098
-3.69333,40.4341393
-3.69809089927,40.4335702887
-3.696402,40.436647
-3.69823414832,40.4313603345
-3.69156,40.43047
-3.68695,40.4322014
-3.6834669,40.4306603
-3.68154644966,40.4349275183
-3.68527,40.43551
-3.6844533,40.4327544
-3.6831521,40.4346907
-3.67680664309,40.4346075394
-3.67391,40.43436
-3.67313,40.43095
-3.67498158551,40.433602703
-3.67327135194,40.4324284075
-3.67341399193,40.4337171265
-3.66801,40.43228
-3.6722,40.4328
-3.67045551538,40.4322816241
-3.66609390825,40.432319139
-3.67057118565,40.4331500748
-3.6569644,40.434563
-3.64904,40.43311
-3.64742875099,40.4338505948
-3.64995,40.4329899
-3.6423354,40.434711
-3.64482,40.4341
-3.62737689167,40.4303856933
-3.62797,40.43203
-3.60810246713,40.4343233584
-3.60636280605,40.4334450784
-3.73314,40.4281387
-3.72699,40.4259605
-3.72721,40.42616
-3.72634427516,40.4250369075
-3.71991,40.42866
-3.72072,40.42949
-3.718935,40.4284075
-3.71914098097,40.427189515
-3.71802,40.42747
-3.72048005462,40.4276479963
-3.7183802,40.4255575
-3.71925976041,40.429649718
-3.71135619963,40.4260491142
-3.71493291855,40.429271698
-3.71696,40.42598
-3.7126785,40.4259664
-3.7151027,40.4255727
-3.71743,40.42798
-3.7058699,40.4264717
-3.70797871,40.4261293562
-3.70909905434,40.4269790649
-3.7068,40.42564
-3.70506,40.42638
-3.70833343398,40.4268153078
-3.7072,40.42598
-3.71072,40.43022
-3.70674,40.42983
-3.70879,40.42572
-3.70812,40.42669
-3.70845,40.42724
-3.70748,40.4295998
-3.70796,40.42886
-3.70506,40.4287415
-3.70711981835,40.4256553762
-3.707383,40.4264128
-3.70492,40.42598
-3.70555,40.4264297
-3.70668,40.42692
-3.70786,40.42792
-3.709303,40.426009
-3.70702,40.4262
-3.7091501,40.4291115
-3.70153,40.4299088
-3.7037169,40.4254826
-3.70363961,40.42574906
-3.7023116,40.426793
-3.70363383332,40.4266169425
-3.7017701,40.4301491
-3.70381,40.42564
-3.7037,40.42843
-3.70138,40.42626
-3.701988,40.428798
-3.69942311522,40.4272832027
-3.69889497757,40.4273029369
-3.70247,40.43031
-3.70356728572,40.4254519378
-3.70215,40.42554
-3.70473991124,40.4288597431
-3.70277,40.42852
-3.7038,40.4266
-3.70443615827,40.4254558587
-3.7013668,40.4262745
-3.70242,40.4256516
-3.70191,40.42816
-3.70359340162,40.4268042808
-3.70157153124,40.4292218964
-3.70202142745,40.4272480642
-3.70291,40.4297899
-3.70349,40.4273605
-3.7021699,40.4256287
-3.69987,40.42741
-3.70437,40.42544
-3.70425,40.42877
-3.70251,40.42671
-3.70226,40.42847
-3.70213518048,40.4282988775
-3.70132506,40.42607322
-3.70323407302,40.4256836692
-3.69978972008,40.4301051834
-3.7005545944,40.428455765
-3.69843095541,40.4286533032
-3.7036564,40.4288396
-3.70306,40.42677
-3.70244,40.4302
-3.70351,40.4256783
-3.7014999,40.4265518
-3.70128,40.42823
-3.7016499,40.4243698
-3.70114,40.42986
-3.6986699,40.4284096
-3.7040601,40.426281
-3.7024155,40.4261644
-3.7021699,40.4293785
-3.70461,40.42769
-3.70445,40.42586
-3.7034835,40.4257165
-3.70056,40.42963
-3.70154938881,40.4270245014
-3.70311,40.43025
-3.7042953,40.4287688
-3.7028501,40.4256096
-3.7015,40.42655
-3.7010901,40.4212685
-3.7043357,40.4277662
-3.70183654,40.42611707
-3.69258,40.426239
-3.69529,40.42547
-3.6947899,40.4273415
-3.69322,40.42656
-3.69568236,40.42615972
-3.69603,40.42565
-3.69504,40.42747
-3.6968286708,40.4260684166
-3.69618,40.42701
-3.69569,40.4284
-3.69947,40.4253998
-3.69531355798,40.4303313334
-3.68576867307,40.4268458477
-3.6874946,40.4285187
-3.68721448,40.42534241
-3.6900477,40.4292448
-3.68987064632,40.4292576357
-3.6860656,40.4279981
-3.6808,40.4303
-3.6837599,40.4297218
-3.6815484,40.4260073
-3.67724755097,40.4285395242
-3.6746299,40.4254417
-3.67847,40.42581
-3.67389444262,40.4279767197
-3.67585,40.4254843
-3.6732099,40.4260788
-3.67420524359,40.4299970068
-3.67567711,40.42537786
-3.67870346256,40.4261410802
-3.67555,40.42906
-3.67624,40.4260216
-3.67258,40.4296
-3.67523,40.42827
-3.67812294513,40.4287959693
-3.6689044,40.4269061
-3.67114,40.42856
-3.67139735,40.42680183
-3.66923980415,40.4279927986
-3.67134332283,40.4257059779
-3.67123,40.4271699
-3.66451,40.42996
-3.66567,40.42939
-3.66587966681,40.4272587835
-3.6581978,40.4269787
-3.65064811707,40.4264755249
-3.65057,40.42696
-3.6419,40.4266099
-3.62179542057,40.4275761145
-3.6264,40.4288712
-3.72543,40.42452
-3.7254701,40.4229317
-3.7201867,40.4217163
-3.7223345,40.4222446
-3.72180707753,40.4221041184
-3.72277,40.4223099
-3.72221,40.42185
-3.7215673,40.4225294
-3.7207456,40.4212303
-3.71238981111,40.4232932024
-3.71574,40.4248199
-3.7132,40.42415
-3.71184,40.4251
-3.71174,40.42465
-3.71330594781,40.4253756581
-3.7128501,40.4247284
-3.71314,40.4240799
-3.71136,40.4239
-3.71519,40.4207899
-3.70866614874,40.4222640805
-3.70602,40.42147
-3.70982,40.42494
-3.70952,40.4204999
-3.70519,40.42385
-3.70763,40.42062
-3.7105298,40.4224035
-3.70549488813,40.4238749624
-3.71057,40.42494
-3.7100007,40.4216318
-3.7066802,40.4249037
-3.70535,40.42381
-3.70876,40.42355
-3.708133,40.4218874
-3.7092199,40.4225693
-3.7075332,40.4213363
-3.70956,40.4241699
-3.70553,40.4212
-3.70663,40.42327
-3.71003720909,40.4237853749
-3.7097099,40.423439
-3.70921,40.42475
-3.7076299,40.42062
-3.70767563576,40.4221275769
-3.70750074548,40.4248514978
-3.71025537909,40.4239270477
-3.70736,40.42138
-3.7102599,40.4232292
-3.7106,40.42223
-3.70718640962,40.4209963871
-3.71058212,40.42421437
-3.70554,40.42145
-3.7052901,40.4236412
-3.70009,40.42295
-3.70241,40.42448
-3.70032358915,40.4224808542
-3.69869350238,40.4234738726
-3.70219,40.42504
-3.7007114,40.4209879
-3.7014662,40.4238464
-3.70010005808,40.4204877754
-3.70136,40.42456
-3.7034266,40.4243546
-3.70153,40.42296
-3.70092,40.42062
-3.70245,40.4237595
-3.7008107,40.4247057
-3.69839,40.4205017
-3.70356475631,40.4252948642
-3.69898219316,40.4206053989
-3.70204925537,40.4241227952
-3.70186317136,40.4243624216
-3.704763,40.42056
-3.70207,40.424839
-3.70161,40.42451
-3.7001,40.42175
-3.70020688738,40.4213256589
-3.702,40.42376
-3.70127,40.42384
-3.70001,40.42165
-3.69906807514,40.4218030234
-3.6990948,40.4244585
-3.70120253166,40.4236986465
-3.63943,40.4352
-3.69998,40.4223799
-3.7001,40.4208799
-3.69861,40.42268
-3.702954,40.4232473
-3.7023799,40.42556
-3.69876706834,40.4225752535
-3.6985773,40.4223908
-3.70165,40.42375
-3.6998301,40.4227982
-3.699052,40.4216464
-3.702,40.42515
-3.7011299,40.4230614
-3.70074,40.42062
-3.69892012328,40.4209815557
-3.7021699,40.4210396
-3.70252,40.42512
-3.69987041,40.42196274
-3.7007201,40.4206581
-3.70281,40.42158
-3.7032,40.42248
-3.69932,40.4216399
-3.7021659043,40.4206814024
-3.70274,40.42138
-3.69868,40.42134
-3.69880110025,40.4224576273
-3.6988217,40.4232983
-3.70187,40.4252899
-3.7008104,40.4229093
-3.702139,40.424539
-3.70040562143,40.4210314438
-3.7011399,40.4248199
-3.7021401,40.4244499
-3.7045712024,40.4219377005
-3.6985,40.42284
-3.70424,40.42225
-3.70117485227,40.4232276231
-3.70146029909,40.4244064749
-3.7024,40.42318
-3.70103,40.4214401
-3.699671,40.421779
-3.6990299,40.4218903
-3.69889048148,40.4204387769
-3.7035401,40.4211998
-3.70086,40.42261
-3.6999,40.42282
-3.6975594,40.4248924
-3.6972699,40.4209537
-3.6963063,40.4220095
-3.6968994,40.4247562
-3.69688953472,40.4204695483
-3.69789,40.4213
-3.69661,40.42416
-3.69558,40.42179
-3.69818,40.4207899
-3.697608,40.422203
-3.6965699,40.4223404
-3.69814,40.42222
-3.69808,40.4214
-3.69516,40.42439
-3.69732595888,40.420854441
-3.69522,40.42471
-3.69224,40.4234695
-3.69827471673,40.4229969481
-3.69752973,40.42211026
-3.69594,40.42428
-3.698,40.42493
-3.6979001,40.4218712
-3.69999,40.42075
-3.70206437305,40.4246242992
-3.69791,40.42349
-3.7021401,40.4211388
-3.69791,40.42212
-3.691632,40.4239021
-3.6866,40.42407
-3.6858301,40.4220581
-3.68735,40.42053
-3.6952477,40.4249644
-3.6845904,40.422015
-3.6835101,40.4253006
-3.68005681783,40.4236600542
-3.7002599,40.4157486
-3.6818325,40.4225234
-3.6840301,40.4239883
-3.68198,40.4222899
-3.6807978,40.4250261
-3.67945,40.4251099
-3.6802886,40.4227351
-3.6827412,40.425131
-3.6775501,40.4247208
-3.6739117,40.4237108
-3.67486,40.4225
-3.67635,40.42382
-3.6729801,40.4237213
-3.67742348119,40.4248107781
-3.6760405723,40.4207634568
-3.67815,40.4238799
-3.6742039,40.4222409
-3.6743358,40.4236502
-3.6744101,40.4237213
-3.67816,40.42266
-3.6723569,40.4244749
-3.66873303027,40.4232452869
-3.6685678,40.424067
-3.6563201,40.4221306
-3.6534,40.42518
-3.73451,40.4174099
-3.7083564503,40.4187125366
-3.70563,40.41633
-3.707731,40.4190237
-3.70838,40.41697
-3.705528,40.419753
-3.70862211939,40.4157283766
-3.70696306229,40.419757843
-3.70765,40.41948
-3.70597505569,40.4164047241
-3.7104849597,40.4188028759
-3.70986478921,40.415821966
-3.70818,40.41561
-3.7075186,40.4163378
-3.70623408,40.41571353
-3.7077601,40.4196281
-3.70896,40.41773
-3.7080657,40.4190408
-3.7085726,40.4173659
-3.70754,40.41841
-3.7073995918,40.4170501416
-3.70947,40.4161
-3.71073818207,40.4172210693
-3.7075,40.41869
-3.70528603874,40.4157733487
-3.70541,40.41576
-3.70695,40.41815
-3.70641,40.41555
-3.7053199,40.4170303
-3.7095801,40.4158742
-3.70673,40.4163799
-3.70844,40.41592
-3.70747,40.41917
-3.70595689863,40.4198145608
-3.7068524,40.4173423
-3.70977258682,40.4161911011
-3.70534593539,40.4161869054
-3.7065699,40.41922
-3.70872775406,40.4196940072
-3.7052865,40.4156242
-3.7082,40.4187
-3.7074953,40.4180189
-3.71125096172,40.4160564355
-3.7094691,40.4175428
-3.70694,40.42008
-3.71035,40.4168816
-3.7058899,40.4157104
-3.70797,40.42033
-3.7077401,40.4201088
-3.70634,40.41902
-3.70817766,40.41713037
-3.70941,40.41597
-3.70844,40.41567
-3.70682387774,40.418466243
-3.70544082469,40.419402634
-3.70617751032,40.4202523139
-3.70677143127,40.419623011
-3.70614,40.41906
-3.706191,40.420084
-3.7051899,40.4165688
-3.7092199,40.4166794
-3.7079893,40.4194339
-3.7114999,40.4177017
-3.7066090107,40.4157628484
-3.7053116,40.4154943
-3.7061094,40.4198066
-3.71029962909,40.4169815375
-3.70727,40.41613
-3.70954,40.4158199
-3.7075601,40.4165001
-3.70648,40.4171295
-3.70863,40.41706
-3.7088214,40.4159564
-3.7038285,40.4189873
-3.69961742186,40.4156647344
-3.7018627,40.4155522
-3.7001778,40.4167976
-3.70113213313,40.4160108733
-3.7028,40.41584
-3.70187022504,40.4198614383
-3.70029,40.41601
-3.70137800593,40.4201482501
-3.7006509,40.4163112
-3.70104,40.41611
-3.70224,40.41557
-3.70025362194,40.4194096257
-3.69955538912,40.4164747672
-3.70264,40.4157
-3.70167,40.41933
-3.70198,40.41611
-3.70334006846,40.416855122
-3.70182,40.41915
-3.70303946199,40.416729811
-3.70284,40.41716
-3.70172,40.4165192
-3.70338,40.4192899
-3.69892679,40.41562665
-3.7017208844,40.4161394046
-3.70129,40.41952
-3.70425782178,40.4163728898
-3.7002452,40.4155089
-3.70426,40.41736
-3.6992683,40.4177062
-3.702969,40.420466
-3.70235,40.41652
-3.7002941465,40.4200195931
-3.7012801,40.4162598
-3.70445,40.41564
-3.69883,40.4159999
-3.69959,40.4179802
-3.70139,40.42014
-3.6992503,40.418054
-3.70183601975,40.4191728581
-3.70471741548,40.4169403394
-3.70186,40.41615
-3.69791334708,40.4202550654
-3.69828,40.42025
-3.696374,40.4159
-3.69558479637,40.4158646994
-3.6964483,40.4155863
-3.69745094329,40.4204215436
-3.69689,40.42035
-3.69662,40.4169502
-3.70031,40.41628
-3.697928,40.4175856
-3.70085191727,40.4189453125
-3.69804,40.41756
-3.69128521532,40.4197818887
-3.69161200523,40.4197845459
-3.69140501516,40.4162873358
-3.6764901,40.4174995
-3.67684580007,40.4184716783
-3.67591,40.4199409
-3.678,40.4167599
-3.61983652749,40.4181715736
-3.62025,40.41982
-3.754714,40.406456
-3.73579,40.4108
-3.733176,40.4120548
-3.72822,40.4134
-3.72879,40.4125786
-3.73033,40.41512
-3.72953,40.41312
-3.7134661,40.4128723
-3.71183,40.41521
-3.71184,40.41299
-3.71139,40.41072
-3.71181563701,40.4125104132
-3.71153978304,40.4116355721
-3.7116465,40.4139898
-3.7081318,40.4142147
-3.70783,40.41392
-3.70847,40.41326
-3.70682,40.4149
-3.70794,40.41447
-3.70995616731,40.4107451624
-3.70711158961,40.410874075
-3.70822,40.41513
-3.70767146363,40.4142394239
-3.7087788,40.4136454
-3.70959,40.4128
-3.7105087,40.4121131
-3.71086,40.4113617
-3.70873,40.4126587
-3.70823,40.41467
-3.70756,40.41329
-3.70837,40.41362
-3.70793,40.4109
-3.71021,40.41061
-3.70488703251,40.4110019724
-3.70808,40.41289
-3.71086,40.41163
-3.70754208416,40.4137538764
-3.70732,40.41316
-3.7084701,40.4132614
-3.70598453192,40.411953972
-3.70793066919,40.4120580735
-3.7106199,40.4120407
-3.70545381,40.4139797
-3.70761,40.41296
-3.7108092,40.4135118
-3.70880818367,40.4156951904
-3.71082,40.4109688
-3.6987901,40.4114189
-3.69928,40.4127502
-3.69934,40.4107
-3.7026819,40.4148527
-3.70293,40.41461
-3.69924,40.41286
-3.69913,40.4137
-3.69854,40.41254
-3.6987105,40.4141853
-3.70429384956,40.4151580276
-3.69857,40.41359
-3.7005602,40.4116013
-3.70099,40.41397
-3.69851,40.41118
-3.69984079152,40.4133316528
-3.70155,40.4151
-3.70095,40.4106
-3.69854,40.41457
-3.7002629,40.41508019
-3.7030048,40.4116972
-3.69875,40.41436
-3.69941,40.41145
-3.69889,40.41547
-3.6997365,40.4146925
-3.69946360588,40.4107137563
-3.7023799,40.4154205
-3.70214,40.41509
-3.70239,40.4133
-3.70419,40.41482
-3.7031,40.4143
-3.69896472,40.41229606
-3.6993879,40.4127773
-3.7017558,40.4151363
-3.70372,40.41322
-3.7042,40.4125519
-3.70288,40.41108
-3.70252,40.4143199
-3.69905,40.41137
-3.70086,40.41405
-3.69879,40.41427
-3.70205,40.41421
-3.70472645896,40.414839797
-3.7018,40.41546
-3.69888927788,40.4115832513
-3.698863,40.411421
-3.70117754,40.41488439
-3.69867872447,40.4115735506
-3.7044,40.41213
-3.70324,40.41086
-3.699117,40.4122547
-3.6996654,40.4115224
-3.70329494258,40.4146401471
-3.7027651,40.4147366
-3.70298501104,40.41148701
-3.70162,40.41076
-3.70104,40.4119797
-3.70127522797,40.4152927041
-3.69424,40.41106
-3.69561,40.4119
-3.6980901,40.4107704
-3.6934114,40.4108522
-3.69765,40.41384
-3.69547099259,40.4130154
-3.69609,40.4125299
-3.6966454,40.412031
-3.69569,40.41297
-3.69576,40.41081
-3.69344506413,40.4126110075
-3.69712886668,40.4153293851
-3.69584,40.41265
-3.69417,40.41407
-3.69567,40.41118
-3.69568,40.41243
-3.69464,40.41279
-3.6970301,40.4123993
-3.69627,40.4131813
-3.7023799,40.4147606
-3.69817,40.41198
-3.69385779,40.4120273
-3.7018476,40.4150862
-3.6956799,40.4123116
-3.6957,40.4133
-3.6938648,40.411173
-3.678828,40.417868
-3.67025997666,40.4142896291
-3.65481424332,40.4114074707
-3.64953,40.40724
-3.7244206293,40.4078122864
-3.72835502028,40.4096650374
-3.712241,40.4102083
-3.71212,40.4099999
-3.71161,40.40603
-3.71128,40.40564
-3.70831,40.40722
-3.7102499,40.41045
-3.7100181,40.4093721
-3.70505,40.40902
-3.71019850229,40.409133305
-3.70508,40.4086
-3.70624624193,40.4064240661
-3.70881,40.40965
-3.70559,40.40909
-3.70512809604,40.4081618792
-3.70874,40.40981
-3.7104639,40.4091872
-3.7065001,40.4100914
-3.70948,40.40752
-3.70807,40.40959
-3.70766868172,40.4084563208
-3.70793,40.41013
-3.7100842,40.4089752
-3.70543,40.4092
-3.7080253,40.4111181
-3.70767,40.41266
-3.7083,40.40844
-3.7082091489,40.4110589163
-3.70866,40.4075
-3.70107,40.40974
-3.7023033,40.4099846
-3.70307,40.40614
-3.7024,40.40978
-3.70166,40.4082
-3.70428,40.40945
-3.70380548988,40.4079012765
-3.6990299,40.408989
-3.70111547421,40.4087980329
-3.69872,40.40623
-3.7003397,40.4071861
-3.70111,40.41049
-3.70226684958,40.4102601133
-3.70222695172,40.4087179087
-3.69870652951,40.4082101323
-3.70149,40.40665
-3.6999004,40.4093438
-3.70128,40.40658
-3.70135846931,40.4060644852
-3.70046,40.40748
-3.7008901,40.4099312
-3.70198,40.40948
-3.70139,40.4064407
-3.6999302,40.4091775
-3.69891,40.40882
-3.6993,40.40809
-3.70250582695,40.4101676941
-3.70371188968,40.4092249178
-3.7014301,40.4091301
-3.7009471,40.4104436
-3.6995115417,40.4086043768
-3.70465,40.41104
-3.70282,40.41577
-3.70259005076,40.4102331679
-3.7034199,40.4149818
-3.70331,40.41542
-3.70193,40.40941
-3.70268172534,40.4171234331
-3.69858,40.4062691
-3.7018001,40.4103203
-3.69958,40.4081306
-3.69453,40.41028
-3.69263,40.40799
-3.69792,40.41045
-3.69272,40.40792
-3.69399,40.40929
-3.69767,40.4102592
-3.69266656991,40.4085959692
-3.69438,40.41022
-3.69736274,40.40790342
-3.69606,40.40967
-3.6961479,40.409556
-3.6929,40.40697
-3.69304809719,40.408869297
-3.70193,40.41187
-3.69539,40.4103394
-3.70127,40.41508
-3.69282,40.40907
-3.70262,40.4103813
-3.699368735,40.408144774
-3.69679751981,40.4066706134
-3.70044898242,40.4089719243
-3.7003942,40.4166006
-3.7016505,40.4166558
-3.69683,40.41328
-3.70086,40.4087715
-3.7004,40.41566
-3.70064926147,40.4144668579
-3.69673009962,40.4124560537
-3.70052,40.40664
-3.69389131665,40.4070781447
-3.6967001,40.4114418
-3.69990833161,40.4093202694
-3.76019,40.37203
-3.691541031,40.4066637935
-3.70496,40.41452
-3.6925688,40.409005
-3.69355,40.40596
-3.67946,40.4068108
-3.67943196585,40.407272424
-3.6822777,40.4070803
-3.68290096521,40.4066760479
-3.67293816434,40.4060910241
-3.67513,40.40583
-3.6741041,40.4073136
-3.6764801,40.4080811
-3.6789,40.40799
-3.67344177549,40.4071681967
-3.6693201,40.4086685
-3.6695001,40.406929
-3.66966996342,40.4069400279
-3.66992,40.40705
-3.6697249487,40.4067955284
-3.64829,40.4077399
-3.64915,40.40739
-3.64812,40.40781
-3.6367712,40.4085642
-3.63078195602,40.4072282602
-3.6084,40.40673
-3.60907745361,40.4061660767
-3.61272,40.4068413
-3.60775049776,40.4080735472
-3.6082499,40.4069901
-3.6083801,40.4072304
-3.60837,40.40681
-3.60511992127,40.4066798774
-3.6070399,40.4075317
-3.74447,40.40502
-3.71534468433,40.4032446311
-3.7119,40.40446
-3.71237611771,40.4060287476
-3.70804289185,40.4034682257
-3.70703,40.404
-3.7080689,40.4042233
-3.7072848,40.4110854
-3.70588965,40.41480516
-3.70881,40.4088
-3.7092505,40.412306
-3.70576,40.411931
-3.70814,40.40918
-3.70643,40.4043312
-3.69935,40.40378
-3.70203,40.40554
-3.7023,40.4044
-3.70467,40.40458
-3.7042,40.41255
-3.7046,40.40429
-3.70086,40.4140511
-3.70232,40.4130899
-3.69863,40.40448
-3.70460796356,40.4082450867
-3.69893,40.4116592
-3.69836522884,40.4117516901
-3.69945891201,40.4057309196
-3.69943,40.41212
-3.70225049764,40.4137989652
-3.7040056,40.4045086
-3.70033731662,40.4122916122
-3.70047,40.41024
-3.7019717,40.4055024
-3.6990131,40.4116382
-3.6999199,40.4070091
-3.69187,40.40306
-3.69642,40.4007099
-3.69867253304,40.4016151428
-3.69728028774,40.4008986097
-3.69814725196,40.4036986461
-3.69643,40.4011002
-3.69595460399,40.4030104209
-3.6972401,40.4011383
-3.69531,40.40433
-3.69489,40.40411
-3.69369,40.40119
-3.6933194,40.4009015
-3.6958399,40.4010696
-3.6934,40.40384
-3.69725,40.40798
-3.69792879,40.41376649
-3.69537,40.40327
-3.6915158608,40.4030791916
-3.6903166,40.4026883
-3.68660151534,40.4010080436
-3.68266191334,40.4049466215
-3.68113741,40.40392756
-3.68159952815,40.4048772734
-3.67414,40.40496
-3.6735896,40.4022769
-3.67462792476,40.4018258848
-3.67714,40.40265
-3.67635188983,40.4018799475
-3.67757188836,40.4046322427
-3.64231233057,40.4047532897
-3.61367368698,40.4068336487
-3.60561180115,40.4019622803
-3.60385894775,40.4044113159
-3.60676,40.4022789
-3.60575996339,40.4030966427
-3.60739684105,40.4026222229
-3.60713325441,40.4033726364
-3.60620331764,40.401966095
-3.6056594,40.4006596
-3.6066038534,40.4037701573
-3.7202,40.39947
-3.71874,40.39631
-3.71746659279,40.3966172308
-3.71556,40.39688
-3.71741485596,40.3974685669
-3.71619,40.39719
-3.7166,40.39758
-3.7124021,40.3960457
-3.71752,40.39699
-3.71086098254,40.3998716959
-3.69987961379,40.3981635148
-3.69967,40.39876
-3.6977501,40.3965111
-3.6942,40.40031
-3.69814,40.40608
-3.69293,40.3963394
-3.6814101,40.3963203
-3.68435,40.3988299
-3.67984626442,40.3960899548
-3.68282092698,40.3965365292
-3.66646975279,40.3968881443
-3.66823,40.3988
-3.66784,40.39718
-3.66999739638,40.3963585192
-3.66792,40.39571
-3.66772,40.39922
-3.66845,40.39773
-3.66045154631,40.3965860795
-3.665698,40.395843
-3.66529,40.39638
-3.62369991839,40.3957730766
-3.62582791597,40.3975622317
-3.79587,40.38198
-3.7667444,40.3942972
-3.76630056649,40.3935658673
-3.7666299,40.3936005
-3.7609501,40.3918419
-3.75522516375,40.3920753731
-3.7407,40.39224
-3.74027,40.39228
-3.7402,40.39336
-3.74211,40.3914185
-3.73244,40.3908806
-3.73429,40.39327
-3.72855,40.3942795
-3.7301199,40.3950691
-3.72208,40.3944702
-3.69425143863,40.3908099366
-3.69474310466,40.39112995
-3.69496417826,40.3923925184
-3.6947601,40.3920593
-3.6950025,40.3944663
-3.69714,40.3928185
-3.67877901463,40.3926934806
-3.678875,40.3934981
-3.67778263986,40.3946955262
-3.679813,40.395331
-3.67888,40.3927383
-3.69272,40.40681
-3.66922,40.39452
-3.66539,40.39238
-3.6604378,40.3932192
-3.6613861,40.3952964
-3.66059,40.39129
-3.66560263254,40.3938066106
-3.66584,40.39218
-3.6575601,40.3923111
-3.63953245,40.3891075
-3.7661099,40.3882103
-3.7662101,40.3884888
-3.76207,40.38774
-3.76106,40.3902092
-3.75842,40.38885
-3.7627101,40.3858986
-3.74224,40.38669
-3.74494,40.38755
-3.7427101,40.3894806
-3.73734,40.38918
-3.73942,40.38884
-3.73882,40.38897
-3.74025,40.3863399
-3.74205,40.39007
-3.7420411,40.38789
-3.73142,40.38727
-3.73107,40.38879
-3.73132,40.38709
-3.73452,40.39016
-3.73133394867,40.3871029036
-3.73515,40.38645
-3.73592,40.38975
-3.7245002,40.3856398
-3.7184501,40.3863411
-3.7161,40.3888512
-3.7116559,40.3862052
-3.70529,40.38581
-3.70596,40.3859
-3.70632,40.3891
-3.70709,40.38618
-3.70492,40.38602
-3.70396113,40.38822806
-3.7004399,40.3872414
-3.70396,40.38631
-3.70146,40.38598
-3.70389,40.38588
-3.70272,40.3863
-3.70419,40.3861
-3.70322,40.38621
-3.6938602,40.3906696
-3.66865,40.38731
-3.6473455,40.3896308
-3.63774,40.39002
-3.63800079,40.3887248
-3.78027341598,40.3818299755
-3.7479,40.38121
-3.7417,40.38319
-3.7304289,40.3834218
-3.71138980388,40.382183733
-3.71137,40.38246
-3.7033801,40.3835487
-3.69567774536,40.3812690523
-3.67257848382,40.3822449943
-3.672776,40.3822369
-3.6550082,40.3847925
-3.5974901,40.367691
-3.62514,40.38112
-3.747572,40.3785004
-3.621,40.3773
-3.6269,40.37826
-3.77153,40.37438
-3.77454,40.37512
-3.74470090866,40.3752975464
-3.7419583056,40.3743038063
-3.73994251379,40.3753386153
-3.74368,40.3726807
-3.73280011117,40.3735219946
-3.72959218919,40.3715209575
-3.6955882,40.3733207
-3.68841558695,40.3715467563
-3.69145,40.37442
-3.61949,40.37351
-3.6185,40.37194
-3.61963,40.37325
-3.61229170605,40.3703223774
-3.59780366996,40.3686268706
-3.7735,40.3655891
-3.75606290996,40.3612481682
-3.7393118,40.3640693
-3.73791,40.3652115
-3.73597024522,40.3636123787
-3.68939,40.3611
-3.69178622162,40.3629919087
-3.62004,40.3655199
-3.6017201,40.3651886
-3.5937512491,40.3645802267
-3.75613332,40.36189064
-3.69052,40.35159
-3.68522790938,40.3557919295
-3.70425999,40.34858443
-3.6913284931,40.3508010084
-3.68956,40.34901
-3.68755,40.3506
-3.7122667,40.3424631
-3.5812559,40.4709524
-3.7128919,40.4030944
-3.7795633,40.3785008
-3.6362025,40.4349424
-3.7278833,40.4240907
-3.7151807,40.3865704
-3.7246779,40.4075056
-3.710456,40.41648
-3.703991,40.414364